#usda 1.0
(
    defaultPrim = "Face_Rig"
)

def Xform "Face_Rig"
{
    token visibility = "inherited"
    matrix4d xformOp:transform = ( (1, 0, 0, 0), (0, 1, 0, 0), (0, 0, 1, 0), (0, 0, 0, 1) )
    uniform token[] xformOpOrder = ["xformOp:transform"]

    def Xform "Guides"
    {
        token visibility = "inherited"
        matrix4d xformOp:transform = ( (1, 0, 0, 0), (0, 1, 0, 0), (0, 0, 1, 0), (0, 0, 0, 1) )
        uniform token[] xformOpOrder = ["xformOp:transform"]

        def BasisCurves "M_Lower_Lip_Crv"
        {
            int[] curveVertexCounts
            point3f[] points
            token visibility = "inherited"
            uniform token wrap
            matrix4d xformOp:transform = ( (1, 0, 0, 0), (0, 1, 0, 0), (0, 0, 1, 0), (0, 0, 0, 1) )
            uniform token[] xformOpOrder = ["xformOp:transform"]
        }

        def BasisCurves "L_Upper_Eyelid_Crv"
        {
            int[] curveVertexCounts
            point3f[] points
            token visibility = "inherited"
            uniform token wrap
            matrix4d xformOp:transform = ( (1, 0, 0, 0), (0, 1, 0, 0), (0, 0, 1, 0), (0, 0, 0, 1) )
            uniform token[] xformOpOrder = ["xformOp:transform"]
        }

        def BasisCurves "R_Upper_Eyelid_Crv"
        {
            int[] curveVertexCounts
            point3f[] points
            token visibility = "inherited"
            uniform token wrap
            matrix4d xformOp:transform = ( (1, 0, 0, 0), (0, 1, 0, 0), (0, 0, 1, 0), (0, 0, 0, 1) )
            uniform token[] xformOpOrder = ["xformOp:transform"]
        }

        def BasisCurves "L_Lower_Eyelid_Crv"
        {
            int[] curveVertexCounts
            point3f[] points
            token visibility = "inherited"
            uniform token wrap
            matrix4d xformOp:transform = ( (1, 0, 0, 0), (0, 1, 0, 0), (0, 0, 1, 0), (0, 0, 0, 1) )
            uniform token[] xformOpOrder = ["xformOp:transform"]
        }

        def BasisCurves "R_Lower_Eyelid_Crv"
        {
            int[] curveVertexCounts
            point3f[] points
            token visibility = "inherited"
            uniform token wrap
            matrix4d xformOp:transform = ( (1, 0, 0, 0), (0, 1, 0, 0), (0, 0, 1, 0), (0, 0, 0, 1) )
            uniform token[] xformOpOrder = ["xformOp:transform"]
        }

        def BasisCurves "L_Upper_Eyelid_Mid_Crv"
        {
            int[] curveVertexCounts
            point3f[] points
            token visibility = "inherited"
            uniform token wrap
            matrix4d xformOp:transform = ( (1, 0, 0, 0), (0, 1, 0, 0), (0, 0, 1, 0), (0, 0, 0, 1) )
            uniform token[] xformOpOrder = ["xformOp:transform"]
        }

        def BasisCurves "R_Upper_Eyelid_Mid_Crv"
        {
            int[] curveVertexCounts
            point3f[] points
            token visibility = "inherited"
            uniform token wrap
            matrix4d xformOp:transform = ( (1, 0, 0, 0), (0, 1, 0, 0), (0, 0, 1, 0), (0, 0, 0, 1) )
            uniform token[] xformOpOrder = ["xformOp:transform"]
        }

        def BasisCurves "L_Lower_Eyelid_Mid_Crv"
        {
            int[] curveVertexCounts
            point3f[] points
            token visibility = "inherited"
            uniform token wrap
            matrix4d xformOp:transform = ( (1, 0, 0, 0), (0, 1, 0, 0), (0, 0, 1, 0), (0, 0, 0, 1) )
            uniform token[] xformOpOrder = ["xformOp:transform"]
        }

        def BasisCurves "R_Lower_Eyelid_Mid_Crv"
        {
            int[] curveVertexCounts
            point3f[] points
            token visibility = "inherited"
            uniform token wrap
            matrix4d xformOp:transform = ( (1, 0, 0, 0), (0, 1, 0, 0), (0, 0, 1, 0), (0, 0, 0, 1) )
            uniform token[] xformOpOrder = ["xformOp:transform"]
        }

        def BasisCurves "M_Jaw_Crv"
        {
            int[] curveVertexCounts
            point3f[] points
            token visibility = "inherited"
            uniform token wrap
            matrix4d xformOp:transform = ( (1, 0, 0, 0), (0, 1, 0, 0), (0, 0, 1, 0), (0, 0, 0, 1) )
            uniform token[] xformOpOrder = ["xformOp:transform"]

            def BasisCurves "M_Upper_Lip_Crv"
            {
                int[] curveVertexCounts
                point3f[] points
                token visibility = "inherited"
                uniform token wrap
                matrix4d xformOp:transform = ( (1, 0, 0, 0), (0, 1, 0, 0), (0, 0, 1, 0), (0, 0, 0, 1) )
                uniform token[] xformOpOrder = ["xformOp:transform"]
            }
        }

        def BasisCurves "M_Head_Crv"
        {
            int[] curveVertexCounts
            point3f[] points
            token visibility = "inherited"
            uniform token wrap
            matrix4d xformOp:transform = ( (1, 0, 0, 0), (0, 1, 0, 0), (0, 0, 1, 0), (0, 0, 0, 1) )
            uniform token[] xformOpOrder = ["xformOp:transform"]
        }

        def BasisCurves "M_Nose_Crv"
        {
            int[] curveVertexCounts
            point3f[] points
            token visibility = "inherited"
            uniform token wrap
            matrix4d xformOp:transform = ( (1, 0, 0, 0), (0, 1, 0, 0), (0, 0, 1, 0), (0, 0, 0, 1) )
            uniform token[] xformOpOrder = ["xformOp:transform"]
        }

        def BasisCurves "L_Eyebrow_Crv"
        {
            int[] curveVertexCounts
            point3f[] points
            token visibility = "inherited"
            uniform token wrap
            matrix4d xformOp:transform = ( (1, 0, 0, 0), (0, 1, 0, 0), (0, 0, 1, 0), (0, 0, 0, 1) )
            uniform token[] xformOpOrder = ["xformOp:transform"]
        }

        def BasisCurves "R_Eyebrow_Crv"
        {
            int[] curveVertexCounts
            point3f[] points
            token visibility = "inherited"
            uniform token wrap
            matrix4d xformOp:transform = ( (1, 0, 0, 0), (0, 1, 0, 0), (0, 0, 1, 0), (0, 0, 0, 1) )
            uniform token[] xformOpOrder = ["xformOp:transform"]
        }

        def BasisCurves "L_Chin_Crv"
        {
            int[] curveVertexCounts
            point3f[] points
            token visibility = "inherited"
            uniform token wrap
            matrix4d xformOp:transform = ( (1, 0, 0, 0), (0, 1, 0, 0), (0, 0, 1, 0), (0, 0, 0, 1) )
            uniform token[] xformOpOrder = ["xformOp:transform"]
        }

        def BasisCurves "R_Chin_Crv"
        {
            int[] curveVertexCounts
            point3f[] points
            token visibility = "inherited"
            uniform token wrap
            matrix4d xformOp:transform = ( (1, 0, 0, 0), (0, 1, 0, 0), (0, 0, 1, 0), (0, 0, 0, 1) )
            uniform token[] xformOpOrder = ["xformOp:transform"]
        }
    }

    def Xform "Geometries"
    {
        token visibility = "inherited"
        matrix4d xformOp:transform = ( (1, 0, 0, 0), (0, 1, 0, 0), (0, 0, 1, 0), (0, 0, 0, 1) )
        uniform token[] xformOpOrder = ["xformOp:transform"]
    }

    def Xform "ICE_Rig"
    {
        token visibility = "inherited"
        matrix4d xformOp:transform = ( (1, 0, 0, 0), (0, 1, 0, 0), (0, 0, 1, 0), (0, 0, 0, 1) )
        uniform token[] xformOpOrder = ["xformOp:transform"]

        def BasisCurves "M_Head_Ctrl"
        {
            int[] curveVertexCounts
            point3f[] points
            token visibility = "inherited"
            uniform token wrap
            matrix4d xformOp:transform = ( (1, 0, 0, 0), (0, 1, 0, 0), (0, 0, 1, 0), (0, 3.3612454190779517, -0.2731103098554226, 1) )
            uniform token[] xformOpOrder = ["xformOp:transform"]

            def BasisCurves "L_Corner_Lip_Ctrl"
            {
                int[] curveVertexCounts
                point3f[] points
                token visibility = "inherited"
                uniform token wrap
                matrix4d xformOp:transform = ( (1, 0, 0, 0), (0, 1, 0, 0), (0, 0, 1, 0), (1.770955110089124, -1.264406423922408, 0.7233351122228404, 1) )
                uniform token[] xformOpOrder = ["xformOp:transform"]
            }

            def BasisCurves "R_Corner_Lip_Ctrl"
            {
                int[] curveVertexCounts
                point3f[] points
                token visibility = "inherited"
                uniform token wrap
                matrix4d xformOp:transform = ( (1, 0, 0, 0), (0, 1, 0, 0), (0, 0, 1, 0), (-1.7710000000000001, -1.264406423922408, 0.7233351122228404, 1) )
                uniform token[] xformOpOrder = ["xformOp:transform"]
            }

            def BasisCurves "M_Upper_Lip_Ctrl"
            {
                int[] curveVertexCounts
                point3f[] points
                token visibility = "inherited"
                uniform token wrap
                matrix4d xformOp:transform = ( (1, 0, 0, 0), (0, 1, 0, 0), (0, 0, 1, 0), (0, -1.2117957921876128, 2.11686388594267, 1) )
                uniform token[] xformOpOrder = ["xformOp:transform"]
            }

            def BasisCurves "M_Jaw_FK1_Ctrl"
            {
                int[] curveVertexCounts
                point3f[] points
                token visibility = "inherited"
                uniform token wrap
                matrix4d xformOp:transform = ( (-1.0000000000000002, 1.2246467991473532e-16, -1.232595164407831e-32, 0), (-7.689571973136928e-17, -0.62790120208461, 0.7782930556163932, 0), (9.531340993592287e-17, 0.7782930556163932, 0.6279012020846098, 0), (0, -0.9768282652380491, -0.5947808935364609, 1) )
                uniform token[] xformOpOrder = ["xformOp:transform"]

                def BasisCurves "M_Jaw_FK2_Ctrl"
                {
                    int[] curveVertexCounts
                    point3f[] points
                    token visibility = "inherited"
                    uniform token wrap
                    matrix4d xformOp:transform = ( (-1.0000000000000002, 1.2246467991473535e-16, 9.531340993592289e-17, 0), (-2.7139546711219673e-18, -0.62790120208461, 0.7782930556163933, 0), (1.5516081460947208e-16, 0.7782930556163933, 0.6279012020846098, 0), (0, 2.919535650570524, 5.551115123125783e-16, 1) )
                    uniform token[] xformOpOrder = ["xformOp:transform"]
                }

                def BasisCurves "M_Lower_Lip_Ctrl"
                {
                    int[] curveVertexCounts
                    point3f[] points
                    token visibility = "inherited"
                    uniform token wrap
                    matrix4d xformOp:transform = ( (-1.0000000000000002, 1.2246467991473532e-16, 9.531340993592284e-17, 0), (-2.713954671121992e-18, -0.62790120208461, 0.7782930556163932, 0), (1.5516081460947203e-16, 0.7782930556163932, 0.6279012020846098, 0), (-5.386610529964681e-17, 2.300518779367173, 1.2908355925785893, 1) )
                    uniform token[] xformOpOrder = ["xformOp:transform"]
                }
            }

            def BasisCurves "M_Nose_FK1_Ctrl"
            {
                int[] curveVertexCounts
                point3f[] points
                token visibility = "inherited"
                uniform token wrap
                matrix4d xformOp:transform = ( (-1, 1.2246467991473532e-16, -6.162975822039155e-33, 0), (-9.378697012964677e-17, -0.765828728699123, 0.643044600552003, 0), (7.875025117749986e-17, 0.643044600552003, 0.765828728699123, 0), (0, -0.280219886319649, 2.03480374576609, 1) )
                uniform token[] xformOpOrder = ["xformOp:transform"]

                def BasisCurves "M_Nose_FK2_Ctrl"
                {
                    int[] curveVertexCounts
                    point3f[] points
                    token visibility = "inherited"
                    uniform token wrap
                    matrix4d xformOp:transform = ( (1, 2.2794458861436844e-32, -1.1229926621573685e-32, 0), (-2.5397429170243654e-32, 0.9108076708794561, -0.41283094199337855, 0), (8.1804538634644e-34, 0.41283094199337855, 0.9108076708794561, 0), (0, 0.5984301305972293, -2.220446049250313e-16, 1) )
                    uniform token[] xformOpOrder = ["xformOp:transform"]

                    def BasisCurves "M_Nose_FK3_Ctrl"
                    {
                        int[] curveVertexCounts
                        point3f[] points
                        token visibility = "inherited"
                        uniform token wrap
                        matrix4d xformOp:transform = ( (1, -2.4502871604672517e-32, 2.8140881005522925e-33, 0), (2.463077003903935e-32, 0.9862184042479893, -0.16544866008085224, 0), (1.2786617991862922e-33, 0.16544866008085224, 0.9862184042479893, 0), (0, 0.7138615019220556, 0, 1) )
                        uniform token[] xformOpOrder = ["xformOp:transform"]

                        def BasisCurves "M_Nose_FK4_Ctrl"
                        {
                            int[] curveVertexCounts
                            point3f[] points
                            token visibility = "inherited"
                            uniform token wrap
                            matrix4d xformOp:transform = ( (-0.9999999999999998, 1.224646799147353e-16, 1.3041501493149012e-17, 0), (-1.2037947771874683e-16, -0.9943135654603257, 0.10649194120483567, 0), (2.6008843341758172e-17, 0.10649194120483567, 0.9943135654603259, 0), (0, 0.7743388036175856, 0, 1) )
                            uniform token[] xformOpOrder = ["xformOp:transform"]
                        }
                    }
                }
            }
        }
    }

    def Xform "Muscles"
    {
        token visibility = "inherited"
        matrix4d xformOp:transform = ( (1, 0, 0, 0), (0, 1, 0, 0), (0, 0, 1, 0), (0, 0, 0, 1) )
        uniform token[] xformOpOrder = ["xformOp:transform"]

        def BasisCurves "L_Nasalis_Crv"
        {
            int[] curveVertexCounts
            point3f[] points
            token visibility = "inherited"
            uniform token wrap
            matrix4d xformOp:transform = ( (1, 0, 0, 0), (0, 1, 0, 0), (0, 0, 1, 0), (0, 0, 0, 1) )
            uniform token[] xformOpOrder = ["xformOp:transform"]
        }

        def BasisCurves "R_Nasalis_Crv"
        {
            int[] curveVertexCounts
            point3f[] points
            token visibility = "inherited"
            uniform token wrap
            matrix4d xformOp:transform = ( (1, 0, 0, 0), (0, 1, 0, 0), (0, 0, 1, 0), (0, 0, 0, 1) )
            uniform token[] xformOpOrder = ["xformOp:transform"]
        }

        def BasisCurves "L_Mentalis_Crv"
        {
            int[] curveVertexCounts
            point3f[] points
            token visibility = "inherited"
            uniform token wrap
            matrix4d xformOp:transform = ( (1, 0, 0, 0), (0, 1, 0, 0), (0, 0, 1, 0), (0, 0, 0, 1) )
            uniform token[] xformOpOrder = ["xformOp:transform"]
        }

        def BasisCurves "R_Mentalis_Crv"
        {
            int[] curveVertexCounts
            point3f[] points
            token visibility = "inherited"
            uniform token wrap
            matrix4d xformOp:transform = ( (1, 0, 0, 0), (0, 1, 0, 0), (0, 0, 1, 0), (0, 0, 0, 1) )
            uniform token[] xformOpOrder = ["xformOp:transform"]
        }

        def Mesh "Muscle_Static"
        {
            float3[] extent = [(-2.044279, 0.2590019, -1.0452597), (2.044279, 5.671631, 1.8229914)]
            int[] faceVertexCounts = [4, 4, 4, 4, 4, 4, 4, 4, 4, 4, 4, 4, 4, 4, 4, 4, 4, 4, 4, 4, 4, 4, 4, 4, 4, 4, 4, 4, 4, 4, 4, 4, 4, 4, 4, 4, 4, 4, 4, 4, 4, 4, 4, 4, 4, 4, 4, 4, 4, 4, 4, 4, 4, 4, 4, 4, 4, 4, 4, 4, 4, 4, 4, 4, 4, 4, 4, 4, 4, 4, 4, 4, 4, 4, 4, 4, 4, 4, 4, 4, 4, 4, 4, 4, 4, 4, 4, 4, 4, 4, 4, 4, 4, 4, 4, 4, 4, 4, 4, 4, 4, 4, 4, 4, 4, 4, 4, 4, 4, 4, 4, 4, 4, 4, 4, 4, 4, 4, 4, 4, 4, 4, 4, 4, 4, 4, 4, 4, 4, 4, 4, 4, 4, 4, 4, 4, 4, 4, 4, 4, 4, 4, 4, 4, 4, 4, 4, 4, 4, 4, 4, 4, 4, 4, 4, 4, 4, 4, 4, 4, 4, 4, 4, 4, 4, 3, 3, 3, 3, 3, 3, 3, 3, 3, 3, 3, 4, 4, 4, 4, 4, 4, 4, 4, 4, 4, 4, 4, 4, 4, 4, 4, 4, 4, 4, 4, 4, 4, 4, 4, 4, 4, 4, 4, 4, 4, 4, 4, 4, 4, 4, 4, 4, 4, 4, 4, 4, 4, 4, 4, 4, 4, 4, 4, 4, 4, 4, 4, 4, 4, 4, 4, 4, 4, 4, 4, 4, 4, 4, 4, 4, 4, 4, 4, 4, 4, 4, 4, 4, 4, 4, 4, 4, 4, 4, 4, 4, 4, 4, 4, 4, 4, 4, 4, 4, 4, 4, 4, 4, 4, 4, 4, 4, 4, 4, 4, 4, 4, 4, 4, 4, 4, 4, 4, 4, 4, 4, 4, 4, 4, 4, 4, 4, 4, 4, 4, 4, 4, 4, 4, 4, 4, 4, 4, 4, 4, 4, 4, 4, 4, 4, 4, 4, 4, 4, 4, 4, 4, 4, 4, 4, 4, 4, 4, 4, 4, 4, 4, 4, 4, 4, 4, 4, 4, 4, 4, 4, 4, 4, 4, 4, 3, 3, 3, 3, 3, 3, 3, 3, 3, 3, 3, 4, 4, 4, 4, 4, 4, 4, 4, 4, 4, 4, 4, 4, 4, 4, 4, 4, 4, 4, 4, 4, 4, 4, 4, 4, 4, 4, 4, 4, 4, 4, 4, 4, 4, 4, 4, 4, 4, 4, 4, 4, 4, 4, 4, 4, 4, 4, 4, 4, 4, 4, 4, 4, 4, 4, 4, 4, 4, 4, 4, 4, 4, 4, 4, 4, 4, 4, 4, 4, 4, 4, 4, 4, 4, 4, 4, 4, 4, 4, 4, 4, 4, 4, 4, 4, 4, 4, 4, 4, 4, 4, 4, 4, 4, 4, 4, 4, 4, 4, 4, 4, 4, 4, 4, 4, 4, 4, 4, 4, 4, 4, 4, 4, 4, 4, 4, 4, 4, 4, 4, 4, 4, 4, 4, 4, 4, 4, 4, 4, 4, 4, 4, 4, 4, 4, 4, 4, 4, 4, 4, 4, 4, 4, 4, 4, 4, 4, 4, 4, 4, 4, 4, 4, 4, 4, 4, 4, 4, 4, 4, 4, 4, 4, 4, 4, 3, 3, 3, 3, 3, 3, 3, 3, 3, 3, 3, 4, 4, 4, 4, 4, 4, 4, 4, 4, 4, 4, 4, 4, 4, 4, 4, 4, 4, 4, 4, 4, 4, 4, 4, 4, 4, 4, 4, 4, 4, 4, 4, 4, 4, 4, 4, 4, 4, 4, 4, 4, 4, 4, 4, 4, 4, 4, 4, 4, 4, 4, 4, 4, 4, 4, 4, 4, 4, 4, 4, 4, 4, 4, 4, 4, 4, 4, 4, 4, 4, 4, 4, 4, 4, 4, 4, 4, 4, 4, 4, 4, 4, 4, 4, 4, 4, 4, 4, 4, 4, 4, 4, 4, 4, 4, 4, 4, 4, 4, 4, 4, 4, 4, 4, 4, 4, 4, 4, 4, 4, 4, 4, 4, 4, 4, 4, 4, 4, 4, 4, 4, 4, 4, 4, 4, 4, 4, 4, 4, 4, 4, 4, 4, 4, 4, 4, 4, 4, 4, 4, 4, 4, 4, 4, 4, 4, 4, 4, 4, 4, 4, 4, 4, 4, 4, 4, 4, 4, 4, 4, 4, 4, 4, 4, 4, 3, 3, 3, 3, 3, 3, 3, 3, 3, 3, 3, 4, 4, 4, 4, 4, 4, 4, 4, 4, 4, 4, 4, 4, 4, 4, 4, 4, 4, 4, 4, 4, 4, 4, 4, 4, 4, 4, 4, 4, 4, 4, 4, 4, 4, 4, 4, 4, 4, 4, 4, 4, 4, 4, 4, 4, 4, 4, 4, 4, 4, 4, 4, 4, 4, 4, 4, 4, 4, 4, 4, 4, 4, 4, 4, 4, 4, 4, 4, 4, 4, 4, 4, 4, 4, 4, 4, 4, 4, 4, 4, 4, 4, 4, 4, 4, 4, 4, 4, 4, 4, 4, 4, 4, 4, 4, 4, 4, 4, 4, 4, 4, 4, 4, 4, 4, 4, 4, 4, 4, 4, 4, 4, 4, 4, 4, 4, 4, 4, 4, 4, 4, 4, 4, 4, 4, 4, 4, 4, 4, 4, 4, 4, 4, 4, 4, 4, 4, 4, 4, 4, 4, 4, 4, 4, 4, 4, 4, 4, 4, 4, 4, 4, 4, 4, 4, 4, 4, 4, 4, 4, 4, 4, 4, 4, 4, 3, 3, 3, 3, 3, 3, 3, 3, 3, 3, 3, 4, 4, 4, 4, 4, 4, 4, 4, 4, 4, 4, 4, 4, 4, 4, 4, 4, 4, 4, 4, 4, 4, 4, 4, 4, 4, 4, 4, 4, 4, 4, 4, 4, 4, 4, 4, 4, 4, 4, 4, 4, 4, 4, 4, 4, 4, 4, 4, 4, 4, 4, 4, 4, 4, 4, 4, 4, 4, 4, 4, 4, 4, 4, 4, 4, 4, 4, 4, 4, 4, 4, 4, 4, 4, 4, 4, 4, 4, 4, 4, 4, 4, 4, 4, 4, 4, 4, 4, 4, 4, 4, 4, 4, 4, 4, 4, 4, 4, 4, 4, 4, 4, 4, 4, 4, 4, 4, 4, 4, 4, 4, 4, 4, 4, 4, 4, 4, 4, 4, 4, 4, 4, 4, 4, 4, 4, 4, 4, 4, 4, 4, 4, 4, 4, 4, 4, 4, 4, 4, 4, 4, 4, 4, 4, 4, 4, 4, 4, 4, 4, 4, 4, 4, 4, 4, 4, 4, 4, 4, 4, 4, 4, 4, 4, 4, 3, 3, 3, 3, 3, 3, 3, 3, 3, 3, 3, 4, 4, 4, 4, 4, 4, 4, 4, 4, 4, 4, 4, 4, 4, 4, 4, 4, 4, 4, 4, 4, 4, 4, 4, 4, 4, 4, 4, 4, 4, 4, 4, 4, 4, 4, 4, 4, 4, 4, 4, 4, 4, 4, 4, 4, 4, 4, 4, 4, 4, 4, 4, 4, 4, 4, 4, 4, 4, 4, 4, 4, 4, 4, 4, 4, 4, 4, 4, 4, 4, 4, 4, 4, 4, 4, 4, 4, 4, 4, 4, 4, 4, 4, 4, 4, 4, 4, 4, 4, 4, 4, 4, 4, 4, 4, 4, 4, 4, 4, 4, 4, 4, 4, 4, 4, 4, 4, 4, 4, 4, 4, 4, 4, 4, 4, 4, 4, 4, 4, 4, 4, 4, 4, 4, 4, 4, 4, 4, 4, 4, 4, 4, 4, 4, 4, 4, 4, 4, 4, 4, 4, 4, 4, 4, 4, 4, 4, 4, 4, 4, 4, 4, 4, 4, 4, 4, 4, 4, 4, 4, 4, 4, 4, 4, 4, 3, 3, 3, 3, 3, 3, 3, 3, 3, 3, 3, 4, 4, 4, 4, 4, 4, 4, 4, 4, 4, 4, 4, 4, 4, 4, 4, 4, 4, 4, 4, 4, 4, 4, 4, 4, 4, 4, 4, 4, 4, 4, 4, 4, 4, 4, 4, 4, 4, 4, 4, 4, 4, 4, 4, 4, 4, 4, 4, 4, 4, 4, 4, 4, 4, 4, 4, 4, 4, 4, 4, 4, 4, 4, 4, 4, 4, 4, 4, 4, 4, 4, 4, 4, 4, 4, 4, 4, 4, 4, 4, 4, 4, 4, 4, 4, 4, 4, 4, 4, 4, 4, 4, 4, 4, 4, 4, 4, 4, 4, 4, 4, 4, 4, 4, 4, 4, 4, 4, 4, 4, 4, 4, 4, 4, 4, 4, 4, 4, 4, 4, 4, 4, 4, 4, 4, 4, 4, 4, 4, 4, 4, 4, 4, 4, 4, 4, 4, 4, 4, 4, 4, 4, 4, 4, 4, 4, 4, 4, 4, 4, 4, 4, 4, 4, 4, 4, 4, 4, 4, 4, 4, 4, 4, 4, 4, 3, 3, 3, 3, 3, 3, 3, 3, 3, 3, 3, 4, 4, 4, 4, 4, 4, 4, 4, 4, 4, 4, 4, 4, 4, 4, 4, 4, 4, 4, 4, 4, 4, 4, 4, 4, 4, 4, 4, 4, 4, 4, 4, 4, 4, 4, 4, 4, 4, 4, 4, 4, 4, 4, 4, 4, 4, 4, 4, 4, 4, 4, 4, 4, 4, 4, 4, 4, 4, 4, 4, 4, 4, 4, 4, 4, 4, 4, 4, 4, 4, 4, 4, 4, 4, 4, 4, 4, 4, 4, 4, 4, 4, 4, 4, 4, 4, 4, 4, 4, 4, 4, 4, 4, 4, 4, 4, 4, 4, 4, 4, 4, 4, 4, 4, 4, 3, 3, 3, 3, 3, 3, 3, 4, 4, 4, 4, 4, 4, 4, 4, 4, 4, 4, 4, 4, 4, 4, 4, 4, 4, 4, 4, 4, 4, 4, 4, 4, 4, 4, 4, 4, 4, 4, 4, 4, 4, 4, 4, 4, 4, 4, 4, 4, 4, 4, 4, 4, 4, 4, 4, 4, 4, 4, 4, 4, 4, 4, 4, 4, 4, 4, 4, 4, 4, 4, 4, 4, 4, 4, 4, 4, 4, 4, 4, 4, 4, 4, 4, 4, 4, 4, 4, 4, 4, 4, 4, 4, 4, 4, 4, 4, 4, 4, 4, 4, 4, 4, 4, 4, 4, 4, 4, 4, 4, 4, 4, 4, 3, 3, 3, 3, 3, 3, 3, 4, 4, 4, 4, 4, 4, 4, 4, 4, 4, 4, 4, 4, 4, 4, 4, 4, 4, 4, 4, 4, 4, 4, 4, 4, 4, 4, 4, 4, 4, 4, 4, 4, 4, 4, 4, 4, 4, 4, 4, 4, 4, 4, 4, 4, 4, 4, 4, 4, 4, 4, 4, 4, 4, 4, 4, 4, 4, 4, 4, 4, 4, 4, 4, 4, 4, 4, 4, 4, 4, 4, 4, 4, 4, 4, 4, 4, 4, 4, 4, 4, 4, 4, 4, 4, 4, 4, 4, 4, 4, 4, 4, 4, 4, 4, 4, 4, 4, 4, 4, 4, 4, 4, 4, 4, 4, 4, 4, 4, 4, 4, 4, 4, 4, 4, 4, 4, 4, 4, 4, 4, 4, 4, 4, 4, 4, 4, 4, 4, 4, 4, 4, 4, 4, 4, 4, 4, 4, 4, 4, 4, 4, 4, 4, 4, 4, 4, 4, 4, 4, 4, 4, 4, 4, 4, 4, 4, 4, 4, 4, 4, 4, 4, 4, 4, 3, 3, 3, 3, 3, 3, 3, 3, 3, 3, 3, 4, 4, 4, 4, 4, 4, 4, 4, 4, 4, 4, 4, 4, 4, 4, 4, 4, 4, 4, 4, 4, 4, 4, 4, 4, 4, 4, 4, 4, 4, 4, 4, 4, 4, 4, 4, 4, 4, 4, 4, 4, 4, 4, 4, 4, 4, 4, 4, 4, 4, 4, 4, 4, 4, 4, 4, 4, 4, 4, 4, 4, 4, 4, 4, 4, 4, 4, 4, 4, 4, 4, 4, 4, 4, 4, 4, 4, 4, 4, 4, 4, 4, 4, 4, 4, 4, 4, 4, 4, 4, 4, 4, 4, 4, 4, 4, 4, 4, 4, 4, 4, 4, 4, 4, 4, 4, 4, 4, 4, 4, 4, 4, 4, 4, 4, 4, 4, 4, 4, 4, 4, 4, 4, 4, 4, 4, 4, 4, 4, 4, 4, 4, 4, 4, 4, 4, 4, 4, 4, 4, 4, 4, 4, 4, 4, 4, 4, 4, 4, 4, 4, 4, 4, 4, 4, 4, 4, 4, 4, 4, 4, 4, 4, 4, 4, 3, 3, 3, 3, 3, 3, 3, 3, 3, 3, 3]
