#usda 1.0
(
    defaultPrim = "L_Hold"
)

def Xform "L_Hold"
{
    token visibility = "inherited"
    matrix4d xformOp:transform = ( (1, 0, 0, 0), (0, 1, 0, 0), (0, 0, 1, 0), (-40, 1.7763568394002505e-15, -20, 1) )
    uniform token[] xformOpOrder = ["xformOp:transform"]

    def Xform "All_Parent"
    {
        token visibility = "inherited"
        matrix4d xformOp:transform = ( (1, 0, -0, 0), (0, 1, 0, 0), (0, 0, 1, 0), (0, -1.7763568394002505e-15, 0, 1) )
        matrix4d xformOp:transform.timeSamples = {
            1: ( (1, 0, 0, 0), (0, 1, 0, 0), (0, 0, 1, 0), (0, -1.7763568394002505e-15, 0, 1) ),
        }
        uniform token[] xformOpOrder = ["xformOp:transform"]

        def BasisCurves "GlobalSRT"
        {
            int[] curveVertexCounts
            point3f[] points
            token visibility = "inherited"
            uniform token wrap
            matrix4d xformOp:transform = ( (0.9999999999999988, 0, 0, 0), (0, 0.9999999999999998, 0, 0), (0, 0, 0.9999999999999998, 0), (-9.12256994062424e-16, 0, 4.063445331700742, 1) )
            uniform token[] xformOpOrder = ["xformOp:transform"]

            def Xform "UpperBody"
            {
                token visibility = "inherited"
                matrix4d xformOp:transform = ( (0.9999554605648067, -0.008218065095380353, 0.004641152089026315, 0), (0.007986516468126884, 0.9988211824741632, 0.0478796511643382, 0), (-0.005029159107616332, -0.047840451994127994, 0.9988423292550571, 0), (0, 10.650096976045688, -0.46278449783043163, 1) )
                matrix4d xformOp:transform.timeSamples = {
                    2: ( (0.9997019852402643, -0.020776863897439237, -0.01281649847898177, 0), (0.021488037754707, 0.9980793130781594, 0.058102917645173946, 0), (0.0115846855860115, -0.058361003521331486, 0.9982283247473277, 0), (0, 10.517408681872377, -0.5842865687389496, 1) ),
                    3: ( (0.9990876439289581, -0.03137449712928327, -0.02897448322866114, 0), (0.03329739155073264, 0.997098123238375, 0.06845886611993912, 0), (0.02674254035054578, -0.06936118197086281, 0.997233103627835, 0), (0, 10.381575791136944, -0.706904383284964, 1) ),
                    4: ( (0.9983768756890973, -0.03838862555082768, -0.04207050650509406, 0), (0.04151314461944246, 0.9962354807876321, 0.07610207384586073, 0), (0.038990677258571395, -0.07772502974045058, 0.9962120993236149, 0), (0, 10.284286915002399, -0.809625299237137, 1) ),
                    5: ( (0.997920135924996, -0.04025760206028549, -0.05034608020286328, 0), (0.0441233777035593, 0.9959615338961921, 0.07819047601321531, 0), (0.0469949981962601, -0.0802492895638326, 0.9956663706629011, 0), (0, 10.26759946123391, -0.872095287427718, 1) ),
                    6: ( (0.9979419409632473, -0.03730600105934068, -0.05215500696450155, 0), (0.04107235881648617, 0.996477531278548, 0.07311354866411725, 0), (0.049243718459886274, -0.07510520582470234, 0.9959589671518966, 0), (0, 10.357283695964624, -0.8982986164105933, 1) ),
                    7: ( (0.998344982519385, -0.03083691758498879, -0.04854256268704274, 0), (0.033888975432370703, 0.9974151532184377, 0.0633604724918046, 0), (0.046463245931736626, -0.06490066751657614, 0.9968094452468786, 0), (0, 10.516045133646749, -0.9004304267059163, 1) ),
                    8: ( (0.9989236626977722, -0.021711965171264627, -0.040989104294546, 0), (0.0238433150935051, 0.9983495587610591, 0.05224609886824535, 0), (0.039787088707509244, -0.05316718057223297, 0.9977926831171796, 0), (0, 10.692863450435405, -0.8836026537288612, 1) ),
                    9: ( (0.9994789585259374, -0.010805718698874768, -0.030414600232587942, 0), (0.01211202784214958, 0.9989973943850382, 0.0430987794891593, 0), (0.029918393096193246, -0.04344470572238893, 0.9986077544758185, 0), (0, 10.836753650758471, -0.8530611063196432, 1) ),
                    10: ( (0.9998421631657157, 0.0010025772978926569, -0.017738195930369786, 0), (-0.00030553671894915804, 0.9992291718454109, 0.03925517520592027, 0), (0.017763879177021293, -0.03924355962315185, 0.9990717630003804, 0), (0, 10.896821855447708, -0.8140669569086365, 1) ),
                    11: ( (0.9999102242969021, 0.012824112429647408, -0.00388400397923731, 0), (-0.012647612906365858, 0.9990168794535786, 0.04248896862251174, 0), (0.004425068845757791, -0.04243603076662358, 0.9990893864206969, 0), (0, 10.848267312121, -0.7578545406957153, 1) ),
                    12: ( (0.9996651823838129, 0.02376925409717156, 0.010224758637850117, 0), (-0.024257033032543413, 0.9984258605104924, 0.050570716945093755, 0), (-0.009006635220563521, -0.05080180728622544, 0.9986681415257308, 0), (0, 10.725228396277224, -0.6795110538772795, 1) ),
                    13: ( (0.9991769692533309, 0.03294731237786981, 0.023661333876248223, 0), (-0.03433503322909555, 0.997555680357531, 0.060858607276049616, 0), (-0.02159837046828138, -0.06162093145594768, 0.9978659084263858, 0), (0, 10.564748642938172, -0.5907334559078469, 1) ),
                    14: ( (0.9985895342812291, 0.03947713349592896, 0.03550349215137434, 0), (-0.04191365579073086, 0.9966147613567196, 0.07072667745727272, 0), (-0.03259121787006784, -0.07211500105271829, 0.9968637013859579, 0), (0, 10.403724283847772, -0.5032077651919679, 1) ),
                    15: ( (0.9980868529550615, 0.04258063811945133, 0.04482770589269294, 0), (-0.04597829012538958, 0.9959151214632724, 0.07771143852703122, 0), (-0.04133558751737964, -0.07962386638524517, 0.9959675743248159, 0), (0, 10.277829149433119, -0.4286656151491189, 1) ),
                    16: ( (0.9980625292139841, 0.036041955910590985, 0.05071651795149302, 0), (-0.039578907099581354, 0.9967222383545163, 0.07055699598456157, 0), (-0.04800726915569982, -0.07242759821850885, 0.9962176193606046, 0), (0, 10.298319961716007, -0.37878977641579253, 1) ),
                    17: ( (0.9982075108837423, 0.029079837257471302, 0.05230801353867608, 0), (-0.032253966699775476, 0.9976227419160181, 0.06089783611997808, 0), (-0.05041276472693311, -0.06247581833833724, 0.9967724541115398, 0), (0, 10.37150936577735, -0.3642766173911047, 1) ),
                    18: ( (0.9985138018119705, 0.025637483614230645, 0.04809269201172786, 0), (-0.028189810527158545, 0.9981877159728946, 0.05316595022435556, 0), (-0.04664249321646259, -0.05444265896101885, 0.9974269270035807, 0), (0, 10.500798816496713, -0.33848338561233665, 1) ),
                    19: ( (0.9991280419550915, 0.017460889043218013, 0.03792457162322773, 0), (-0.01904979363686462, 0.9989382003693237, 0.041947314637408424, 0), (-0.03715186592053988, -0.04263319360213701, 0.9983997945021347, 0), (0, 10.693955683917721, -0.31476676847875057, 1) ),
                    20: ( (0.9997038050977165, 0.006149848232227291, 0.023547429580901263, 0), (-0.007091154725561495, 0.9991704132260862, 0.04010237970831971, 0), (-0.023281271395803965, -0.0402574800544281, 0.9989180735685296, 0), (0, 10.74384816774008, -0.353913597358848, 1) ),
                    21: ( (0.9999551429824234, -0.006660415131762437, 0.006734307185878505, 0), (0.00633811323030944, 0.9988842464001728, 0.046798403971061386, 0), (-0.007038490156344708, -0.04675362193276012, 0.9988816538972409, 0), (0, 10.663824628357535, -0.4493010153236133, 1) ),
                    22: ( (0.9997548799426339, -0.01934738495337708, -0.010763769151895307, 0), (0.019928756406208975, 0.9981855518042819, 0.05681944066323633, 0), (0.009644931259031325, -0.05702002161212224, 0.9983264458263947, 0), (0, 10.534228359295954, -0.5693007108086166, 1) ),
                    23: ( (0.9991727331934492, -0.030262355665718995, -0.02716687454039829, 0), (0.03203312526003488, 0.997218114310873, 0.0673046163078096, 0), (0.025054503164244363, -0.06811917732788675, 0.9973625466957162, 0), (0, 10.396652537565727, -0.6928531513095835, 1) ),
                    24: ( (0.9984553988182349, -0.03779286601301881, -0.04072487997823634, 0), (0.04078839976173587, 0.996316800209196, 0.07542638839150326, 0), (0.03772430271849398, -0.07697098738765847, 0.9963193986292611, 0), (0, 10.29248380270739, -0.799097899753612, 1) ),
                }
                uniform token[] xformOpOrder = ["xformOp:transform"]

                def Xform "RThigh"
                {
                    token visibility = "inherited"
                    matrix4d xformOp:transform = ( (0.00025802015124432086, -0.8492563994401258, 0.5279805881238391, 0), (-0.034623965969704164, -0.527671621161515, -0.8487425058292458, 0), (0.9994003774294516, -0.01806178924614265, -0.029540774585267833, 0), (-0.9957332961985585, -0.6742693918118974, 0.029063312427805243, 1) )
                    matrix4d xformOp:transform.timeSamples = {
                        2: ( (0.01349149342099476, -0.7052690070877431, 0.7088114045687613, 0), (-0.03033620823753285, -0.7088383094060109, -0.7047183590543086, 0), (0.9994486950689566, -0.011994947265300659, -0.030958474850392045, 0), (-0.9957332961985585, -0.6742693918118974, 0.029063312427805243, 1) ),
                        3: ( (0.014695827995066984, -0.6149819951806819, 0.7884041972510847, 0), (-0.029338176592475677, -0.7884150678014601, -0.6144436119432343, 0), (0.9994615070295443, -0.014100583931415896, -0.029628862600933205, 0), (-0.9957332961985585, -0.6742693918118974, 0.029063312427805243, 1) ),
                        4: ( (0.009095479953664994, -0.6249910745029951, 0.7805789063483616, 0), (-0.032708308801069924, -0.7803794366587283, -0.6244502393110117, 0), (0.9994235532444622, -0.01985174127872904, -0.02754032658513831, 0), (-0.9957332961985585, -0.6742693918118974, 0.029063312427805243, 1) ),
                        5: ( (0.00609582021796947, -0.6670742445675949, 0.7449663034060283, 0), (-0.03413472054138996, -0.7446847939786059, -0.6665428556894167, 0), (0.999398650103867, -0.02136609116366245, -0.02730985754182289, 0), (-0.9957332961985585, -0.6742693918118974, 0.029063312427805243, 1) ),
                        6: ( (0.009764467573096985, -0.6941204963953614, 0.7197926032246169, 0), (-0.03177253708684765, -0.7196788288076473, -0.6935797641606318, 0), (0.9994474278620555, -0.01609720006429001, -0.029081249801399416, 0), (-0.9957332961985585, -0.6742693918118974, 0.029063312427805243, 1) ),
                        7: ( (0.010643940799166429, -0.7571485540156345, 0.6531560102121832, 0), (-0.03100495400881606, -0.6531288404819311, -0.756611796470052, 0), (0.999462555252159, -0.01219774088763234, -0.03042722080741422, 0), (-0.9957332961985585, -0.6742693918118974, 0.029063312427805243, 1) ),
                        8: ( (0.007929090495466423, -0.8297461894963643, 0.5580845729279552, 0), (-0.032037102039001994, -0.5580264040425248, -0.8292045323587608, 0), (0.9994552284203915, -0.011304574632962222, -0.031007305195880998, 0), (-0.9957332961985585, -0.6742693918118974, 0.029063312427805243, 1) ),
                        9: ( (0.0010155215834645739, -0.88762563132739, 0.4605645528333306, 0), (-0.03398828976927214, -0.4603293272433202, -0.8870973490199778, 0), (0.9994217152305995, -0.01475293497459049, -0.030636351531505766, 0), (-0.9957332961985585, -0.6742693918118974, 0.029063312427805243, 1) ),
                        10: ( (-0.009896685162464728, -0.9273968572521853, 0.3739480241712275, 0), (-0.03570063913385202, -0.37340022442861004, -0.9269831372587628, 0), (0.9993135243697192, -0.022524243726117766, -0.029413236073865114, 0), (-0.9957332961985585, -0.6742693918118974, 0.029063312427805243, 1) ),
                        11: ( (-0.024262855297924255, -0.9547155998200965, 0.2965289822478492, 0), (-0.036315403673111625, -0.29557882207817154, -0.9546278601606699, 0), (0.9990457974031276, -0.033930567325552996, -0.027499296211270122, 0), (-0.9957332961985585, -0.6742693918118974, 0.029063312427805243, 1) ),
                        12: ( (-0.04156933912191995, -0.9766542895007554, 0.21075670533755653, 0), (-0.03453756447923903, -0.20940835906467256, -0.9772181413551856, 0), (0.9985385053591119, -0.04790133561411386, -0.025026293404633564, 0), (-0.9957332961985585, -0.6742693918118974, 0.029063312427805243, 1) ),
                        13: ( (-0.06070989253697687, -0.9931618439933506, 0.09971890785541192, 0), (-0.028263034235890185, -0.09815271040117408, -0.9947699464382125, 0), (0.9977552354379954, -0.0632107354539612, -0.022110926697895605, 0), (-0.9957332961985585, -0.6742693918118974, 0.029063312427805243, 1) ),
                        14: ( (-0.07780082053634209, -0.9967743326701585, 0.019696752367638713, 0), (-0.02082513820594159, -0.018127504047665402, -0.9996187809438682, 0), (0.9967513962581519, -0.07818134897123524, -0.019347628548807023, 0), (-0.9957332961985585, -0.6742693918118974, 0.029063312427805243, 1) ),
                        15: ( (-0.09219192752290448, -0.9899708310852601, -0.10704392603025663, 0), (-0.006499458948344857, 0.10809773152088781, -0.9941190258079847, 0), (0.9957200437537603, -0.09095402157352683, -0.016400013006461562, 0), (-0.9957332961985585, -0.6742693918118974, 0.029063312427805243, 1) ),
                        16: ( (-0.09293056757849633, -0.9611963423561071, -0.25974121939110856, 0), (0.009857794162006318, 0.2599691115662597, -0.9655666134067132, 0), (0.9956237911499495, -0.09229112889487848, -0.014683801398510088, 0), (-0.9957332961985585, -0.6742693918118974, 0.029063312427805243, 1) ),
                        17: ( (-0.08995510165475755, -0.9748828346699739, -0.2037438056779119, 0), (0.003916001461191329, 0.2042253824689851, -0.9789160628409123, 0), (0.9959381228865769, -0.08885635498507267, -0.014553472435421332, 0), (-0.9957332961985585, -0.6742693918118974, 0.029063312427805243, 1) ),
                        18: ( (-0.08414157256918885, -0.9906700194269477, -0.10720591576118839, 0), (-0.006222503050333667, 0.10810772817701708, -0.9941197108820411, 0), (0.996434381292302, -0.08297970665780448, -0.015260801473454917, 0), (-0.9957332961985585, -0.6742693918118974, 0.029063312427805243, 1) ),
                        19: ( (-0.060911496227364935, -0.9968930403229651, 0.049940522454003135, 0), (-0.02225445836670759, -0.04866461534892244, -0.9985672207196399, 0), (0.9978950489456034, -0.061935622775398866, -0.01922108012769592, 0), (-0.9957332961985585, -0.6742693918118974, 0.029063312427805243, 1) ),
                        20: ( (-0.02996023874325083, -0.9653404965369246, 0.2592684127314614, 0), (-0.03338127090985653, -0.2582738503094592, -0.9654948518758502, 0), (0.9989935309334542, -0.037581165391337476, -0.02448634641874447, 0), (-0.9957332961985585, -0.6742693918118974, 0.029063312427805243, 1) ),
                        21: ( (-0.0023007076211358944, -0.8656589598578283, 0.5006288764766821, 0), (-0.0349937730965879, -0.500253884085742, -0.8651713629689749, 0), (0.9993848821094437, -0.019509399657395992, -0.029141735296674236, 0), (-0.9957332961985585, -0.6742693918118974, 0.029063312427805243, 1) ),
                        22: ( (0.012645623378529178, -0.7213473476086333, 0.6924580076129945, 0), (-0.03079202798442898, -0.6924658733537924, -0.7207932194832133, 0), (0.9994458160510626, -0.012207306761079027, -0.030968410350974997, 0), (-0.9957332961985585, -0.6742693918118974, 0.029063312427805243, 1) ),
                        23: ( (0.015006840186184776, -0.6206780130810847, 0.7839219341397096, 0), (-0.029171754228836836, -0.7839482606795442, -0.6201404142069196, 0), (0.9994617568986012, -0.013562029908320353, -0.02987085271509962, 0), (-0.9957332961985585, -0.6742693918118974, 0.029063312427805243, 1) ),
                        24: ( (0.009942765261569866, -0.6188746106480963, 0.7854268633769286, 0), (-0.032230904764188106, -0.7852559066779902, -0.6183318929227325, 0), (0.9994309932141565, -0.019167089567663883, -0.027754503787133258, 0), (-0.9957332961985585, -0.6742693918118974, 0.029063312427805243, 1) ),
                    }
                    uniform token[] xformOpOrder = ["xformOp:transform"]

                    def Xform "RShin"
                    {
                        token visibility = "inherited"
                        matrix4d xformOp:transform = ( (0.07139492234743457, 0.9974481265023278, -8.379393477091608e-17, 0), (-0.9974481265023278, 0.07139492234743457, -6.718877246784352e-18, 0), (-7.192700558486193e-19, 8.405979696880464e-17, 1, 0), (5.454091548919664, 3.552713678800501e-15, 0, 1) )
                        matrix4d xformOp:transform.timeSamples = {
                            2: ( (0.14886927733391414, 0.9888568846228852, 1.1506134363121366e-16, 0), (-0.9888568846228852, 0.14886927733391414, 4.820115202178002e-17, 0), (3.053494194804354e-17, -1.209548724718297e-16, 1, 0), (5.454091548919664, 3.552713678800501e-15, 0, 1) ),
                            3: ( (0.3723187353121137, 0.9281049290546777, 8.066448338754873e-18, 0), (-0.9281049290546777, 0.3723187353121137, -6.196570533839803e-17, 0), (-6.051396640086267e-17, 1.5584482581152133e-17, 1, 0), (5.454091548919664, 3.552713678800501e-15, 0, 1) ),
                            4: ( (0.6614094414871079, 0.7500250333900276, -1.0198159993956404e-16, 0), (-0.7500250333900276, 0.6614094414871079, 4.536984649402863e-17, 0), (1.0148011368957299e-16, 4.648070806986866e-17, 1, 0), (5.454091548919664, 3.552713678800501e-15, 0, 1) ),
                            5: ( (0.7556056361851491, 0.6550268105697935, -4.227992219311859e-17, 0), (-0.6550268105697935, 0.7556056361851491, -1.2062259842743325e-16, 0), (-4.7064088423972624e-17, 1.1883759780836397e-16, 1, 0), (5.454091548919664, 3.552713678800501e-15, 0, 1) ),
                            6: ( (0.6463422558647178, 0.7630476317266883, -4.569854884876085e-17, 0), (-0.7630476317266883, 0.6463422558647178, -1.0026643755125838e-16, 0), (-4.697116456250752e-17, 9.967660490679254e-17, 1, 0), (5.454091548919664, 3.552713678800501e-15, 0, 1) ),
                            7: ( (0.6006543704318276, 0.7995088037546209, 5.285859163865747e-17, 0), (-0.7995088037546209, 0.6006543704318276, 5.496754163981821e-17, 0), (1.2197289379152503e-17, -7.527740348702731e-17, 1, 0), (5.454091548919664, 3.552713678800501e-15, 0, 1) ),
                            8: ( (0.5959562314488845, 0.8030169177528227, -5.005692874052597e-17, 0), (-0.8030169177528227, 0.5959562314488845, 2.3994036152131956e-17, 0), (4.9099355565444013e-17, 2.589716526691699e-17, 1, 0), (5.454091548919664, 3.552713678800501e-15, 0, 1) ),
                            9: ( (0.5933282732935301, 0.8049605953775116, 2.946592876622106e-17, 0), (-0.8049605953775116, 0.5933282732935301, -3.029153705538788e-17, 0), (-4.186646233885709e-17, -5.746086186528375e-18, 1, 0), (5.454091548919664, 3.552713678800501e-15, 0, 1) ),
                            10: ( (0.5764752022937808, 0.817114643817099, 4.991297012309537e-17, 0), (-0.817114643817099, 0.5764752022937808, -2.416564341376441e-17, 0), (-4.8519690659443964e-17, -2.6853724628477362e-17, 1, 0), (5.454091548919664, 3.552713678800501e-15, 0, 1) ),
                            11: ( (0.5487131040072879, 0.836010723310824, -3.1751494467219855e-17, 0), (-0.836010723310824, 0.5487131040072879, -6.601990967720243e-17, 0), (-3.777089135617484e-17, 6.277057942099863e-17, 1, 0), (5.454091548919664, 3.552713678800501e-15, 0, 1) ),
                            12: ( (0.536246157295224, 0.8440616439491289, -4.77790245178576e-17, 0), (-0.8440616439491289, 0.536246157295224, 2.837185299695124e-17, 0), (4.956891117950511e-17, 2.5114144835868536e-17, 1, 0), (5.454091548919664, 3.552713678800501e-15, 0, 1) ),
                            13: ( (0.5660073969833632, 0.8244001616691481, 2.7443051418463047e-17, 0), (-0.8244001616691481, 0.5660073969833632, -1.375872273588578e-17, 0), (-2.6875663346470083e-17, -1.4836517184521153e-17, 1, 0), (5.454091548919664, 3.552713678800501e-15, 0, 1) ),
                            14: ( (0.5792669964828417, 0.8151378698022484, 1.2308264922723276e-16, 0), (-0.8151378698022484, 0.5792669964828417, 5.902069969592784e-17, 0), (-2.3187709112633448e-17, -1.3451807194387975e-16, 1, 0), (5.454091548919664, 3.552713678800501e-15, 0, 1) ),
                            15: ( (0.647780344908877, 0.7618271619926243, -2.5465503390856266e-17, 0), (-0.7618271619926243, 0.647780344908877, -7.17069890024353e-17, 0), (-3.813227935695456e-17, 6.585069024534417e-17, 1, 0), (5.454091548919664, 3.552713678800501e-15, 0, 1) ),
                            16: ( (0.7661631634184781, 0.6426460978023522, -1.8926629981056922e-16, 0), (-0.6426460978023522, 0.7661631634184781, -4.905528629691518e-17, 0), (1.1348367867608608e-16, 1.5921560235039603e-16, 1, 0), (5.454091548919664, 3.552713678800501e-15, 0, 1) ),
                            17: ( (0.6357878996038104, 0.7718638135820172, 1.5715675339121264e-16, 0), (-0.7718638135820172, 0.6357878996038104, 5.144607286726637e-17, 0), (-6.020900015000654e-17, -1.5401240161385386e-16, 1, 0), (5.454091548919664, 3.552713678800501e-15, 0, 1) ),
                            18: ( (0.4559768773185731, 0.8899916220677602, -1.2470402643988336e-16, 0), (-0.8899916220677602, 0.4559768773185731, -3.406106820957308e-17, 0), (2.6548087219912224e-17, 1.265165982899487e-16, 1, 0), (5.454091548919664, 3.552713678800501e-15, 0, 1) ),
                            19: ( (0.29265666917151173, 0.9562175871575654, -4.0902700064931705e-17, 0), (-0.9562175871575654, 0.29265666917151173, 5.441279639333945e-18, 0), (1.7173495248897784e-17, 3.7519454389040353e-17, 1, 0), (5.454091548919664, 3.552713678800501e-15, 0, 1) ),
                            20: ( (0.1509128495923849, 0.9885470711240342, 7.69763806240142e-17, 0), (-0.9885470711240342, 0.1509128495923849, -9.483320717100314e-18, 0), (-2.0991433870697417e-17, -7.466362065858198e-17, 1, 0), (5.454091548919664, 3.552713678800501e-15, 0, 1) ),
                            21: ( (0.07270402449718755, 0.9973535605901812, -1.8634378635364453e-17, 0), (-0.9973535605901812, 0.07270402449718755, -5.949296311381058e-19, 0), (7.614391348792124e-19, 1.8628317659842708e-17, 1, 0), (5.454091548919664, 3.552713678800501e-15, 0, 1) ),
                            22: ( (0.13119362469144158, 0.9913567636528845, 1.3136013772138115e-16, 0), (-0.9913567636528845, 0.13119362469144158, 6.461566387632273e-17, 0), (4.6823562814078944e-17, -1.3870192416024424e-16, 1, 0), (5.454091548919664, 3.552713678800501e-15, 0, 1) ),
                            23: ( (0.3398370487189011, 0.9404843328402803, -7.350794984764882e-17, 0), (-0.9404843328402803, 0.3398370487189011, -6.075974878148871e-17, 0), (-3.216286706269948e-17, 8.978148887772576e-17, 1, 0), (5.454091548919664, 3.552713678800501e-15, 0, 1) ),
                            24: ( (0.628713531456008, 0.7776369945958816, -1.2993166336863397e-16, 0), (-0.7776369945958816, 0.628713531456008, 2.5238307370980407e-17, 0), (1.0131603641710338e-16, 8.517200284964704e-17, 1, 0), (5.454091548919664, 3.552713678800501e-15, 0, 1) ),
                        }
                        uniform token[] xformOpOrder = ["xformOp:transform"]

                        def Xform "RFoot"
                        {
                            token visibility = "inherited"
                            matrix4d xformOp:transform = ( (-0.07397221593925621, -0.9972576199302328, -0.0023131710103960557, 0), (0.9954708412102053, -0.0739781748949883, 0.059707905167175654, 0), (-0.059715287567606745, 0.0021140317627249263, 0.9982132113433604, 0), (4.547469615931786, 2.6290081223123707e-13, -4.760636329592671e-13, 1) )
                            matrix4d xformOp:transform.timeSamples = {
                                2: ( (-0.22587894505707778, -0.973515940745403, -0.0352904419707999, 0), (0.9713187677573182, -0.22783594959383777, 0.06804874337619501, 0), (-0.07428696778242243, -0.018907490242413758, 0.997057647897265, 0), (4.547469615931786, 2.6290081223123707e-13, -4.760636329592671e-13, 1) ),
                                3: ( (-0.02325352382359456, -0.9983545473593841, -0.05241632757666921, 0), (0.9964765523452739, -0.0273721729746198, 0.07927953564901744, 0), (-0.08058383371285989, -0.0503881128192619, 0.9954733968472745, 0), (4.547469615931786, 2.6290081223123707e-13, -4.760636329592671e-13, 1) ),
                                4: ( (0.40248726692966263, -0.9140781516568403, -0.04965010194455835, 0), (0.9125186133623923, 0.3962996781970149, 0.10127361615010659, 0), (-0.0728956804390163, -0.08606798315608996, 0.9936189018173798, 0), (4.547469615931786, 2.6290081223123707e-13, -4.760636329592671e-13, 1) ),
                                5: ( (0.5727402125898488, -0.8185389619026994, -0.04430143033566916, 0), (0.8169091622152036, 0.565445290674026, 0.11371474813506174, 0), (-0.0680299167380728, -0.10131925336192307, 0.9925252335970071, 0), (4.547469615931786, 2.6290081223123707e-13, -4.760636329592671e-13, 1) ),
                                6: ( (0.4088807650238979, -0.9111302882116579, -0.05155693839642975, 0), (0.9092541878326444, 0.40191200342565014, 0.10827540538450196, 0), (-0.07793164891281346, -0.09115009273567125, 0.9927831176505816, 0), (4.547469615931786, 2.6290081223123707e-13, -4.760636329592671e-13, 1) ),
                                7: ( (0.27730911937179864, -0.9592235239261925, -0.05467982680893348, 0), (0.9574894018152964, 0.2712044770090626, 0.09829637359346782, 0), (-0.0794587800348288, -0.0796138354612956, 0.993653832820323, 0), (4.547469615931786, 2.6290081223123707e-13, -4.760636329592671e-13, 1) ),
                                8: ( (0.1713827333440946, -0.9837569821654985, -0.053386878089452576, 0), (0.9822497056278103, 0.1664239468008099, 0.08653661494027225, 0), (-0.07624614420143962, -0.06727012689056186, 0.994817197037999, 0), (4.547469615931786, 2.6290081223123707e-13, -4.760636329592671e-13, 1) ),
                                9: ( (0.12065848516200417, -0.9916863002038563, -0.04471925699737628, 0), (0.9901844030086947, 0.11703000514270372, 0.07641221063818027, 0), (-0.0705434475817939, -0.05350009237642223, 0.9960729702782769, 0), (4.547469615931786, 2.6290081223123707e-13, -4.760636329592671e-13, 1) ),
                                10: ( (0.10668989752837321, -0.9938120673644526, -0.030900493947148635, 0), (0.9922478997184693, 0.10442716725180419, 0.06737263720569565, 0), (-0.06372888881560539, -0.03784892997901344, 0.9972492603305213, 0), (4.547469615931786, 2.6290081223123707e-13, -4.760636329592671e-13, 1) ),
                                11: ( (0.10451800862849475, -0.9944139834358153, -0.01472465346443958, 0), (0.9929396459556148, 0.10350504261183918, 0.057944504859906175, 0), (-0.05609675001167388, -0.020676936456721282, 0.998211209582868, 0), (4.547469615931786, 2.6290081223123707e-13, -4.760636329592671e-13, 1) ),
                                12: ( (0.10508169248069804, -0.9944620655935048, 0.0017429861995286423, 0), (0.9933289760499336, 0.10504534019305464, 0.04757122915498126, 0), (-0.0474908753865659, -0.003267506576145606, 0.9988663274711951, 0), (4.547469615931786, 2.6290081223123707e-13, -4.760636329592671e-13, 1) ),
                                13: ( (0.10231281808468794, -0.9945996112713087, 0.017427005323098085, 0), (0.9939983709980431, 0.10290151900876925, 0.03712836973157694, 0), (-0.03872112742168455, 0.013523706764405858, 0.9991585377939499, 0), (4.547469615931786, 2.6290081223123707e-13, -4.760636329592671e-13, 1) ),
                                14: ( (0.09911259155742304, -0.9945485755425565, 0.03240100432151872, 0), (0.9945943764602938, 0.10002525996659954, 0.027874247652154602, 0), (-0.03096321217720964, 0.02946316776732974, 0.999086183087717, 0), (4.547469615931786, 2.6290081223123707e-13, -4.760636329592671e-13, 1) ),
                                15: ( (0.017840910116369898, -0.9987952648970986, 0.04571346350205999, 0), (0.9995078927500711, 0.018996131620221166, 0.02496235793709278, 0), (-0.025800663877736083, 0.04524561639100294, 0.9986426587828433, 0), (4.547469615931786, 2.6290081223123707e-13, -4.760636329592671e-13, 1) ),
                                16: ( (-0.12083444097837394, -0.9911487682708927, 0.054983243161313616, 0), (0.9923215246470706, -0.11913312358581833, 0.033245910828242735, 0), (-0.02640131806477084, 0.058578306733622916, 0.9979336412731381, 0), (4.547469615931786, 2.6290081223123707e-13, -4.760636329592671e-13, 1) ),
                                17: ( (-0.2738043970370077, -0.9599729613286584, 0.05901750317564266, 0), (0.9615894504776543, -0.2719941612396105, 0.036944620469611916, 0), (-0.019413420442661745, 0.06686620797867263, 0.9975730696732292, 0), (4.547469615931786, 2.6290081223123707e-13, -4.760636329592671e-13, 1) ),
                                18: ( (-0.18075584426460964, -0.9818066236697193, 0.058164237143234584, 0), (0.9833995141589237, -0.17946003410489342, 0.026823342652687116, 0), (-0.015897179503960725, 0.06204715849526668, 0.9979466066912007, 0), (4.547469615931786, 2.6290081223123707e-13, -4.760636329592671e-13, 1) ),
                                19: ( (0.10003631255148912, -0.9940160076917188, 0.04387382618051003, 0), (0.9947056342072168, 0.10095364907633457, 0.019210986819812932, 0), (-0.023525251274311994, 0.04171974581405207, 0.9988523541353304, 0), (4.547469615931786, 2.6290081223123707e-13, -4.760636329592671e-13, 1) ),
                                20: ( (0.17570211714243303, -0.9840635928046164, 0.027342482479410072, 0), (0.983678586330077, 0.17659248401193972, 0.03451859478823124, 0), (-0.0387969693059655, 0.020831224327027012, 0.9990299571412806, 0), (4.547469615931786, 2.6290081223123707e-13, -4.760636329592671e-13, 1) ),
                                21: ( (-0.04322851654322321, -0.9990638274737268, 0.0016625254945342417, 0), (0.9974033284127497, -0.043060606144543774, 0.05772681066569569, 0), (-0.05760117905599568, 0.004153652851669045, 0.9983310329441567, 0), (4.547469615931786, 2.6290081223123707e-13, -4.760636329592671e-13, 1) ),
                                22: ( (-0.22277354780709993, -0.9743511295888799, -0.031809160100692395, 0), (0.9721430645047964, -0.22447098267114282, 0.06745843219253359, 0), (-0.0728684330328361, -0.015895100110575412, 0.9972148902116402, 0), (4.547469615931786, 2.6290081223123707e-13, -4.760636329592671e-13, 1) ),
                                23: ( (-0.06640993493298149, -0.996460271772334, -0.051542674761828035, 0), (0.9945435726598455, -0.07027049643688502, 0.07710473015000043, 0), (-0.08045372970340045, -0.046140915789786276, 0.9956898177981394, 0), (4.547469615931786, 2.6290081223123707e-13, -4.760636329592671e-13, 1) ),
                                24: ( (0.35292880177340175, -0.934274961409828, -0.05071052515460102, 0), (0.9326735073685186, 0.3469691196722763, 0.09865373103310172, 0), (-0.07457472448287591, -0.08211410644042927, 0.9938289007630001, 0), (4.547469615931786, 2.6290081223123707e-13, -4.760636329592671e-13, 1) ),
                            }
                            uniform token[] xformOpOrder = ["xformOp:transform"]

                            def Xform "RToe"
                            {
                                token visibility = "inherited"
                                matrix4d xformOp:transform = ( (0.9273733327272955, -0.3740435674602509, 0.008373254318224655, 0), (0.373508632684204, 0.9242863990339121, -0.07865083515958382, 0), (0.021679553884831837, 0.07606616989524558, 0.9968670597129902, 0), (1.6543456315994245, 0, 0, 1) )
                                matrix4d xformOp:transform.timeSamples = {
                                    2: ( (0.9273733327275901, -0.37404356745329265, 0.008373254596415356, 0), (0.3735086326745481, 0.9242863989443871, -0.0786508362575172, 0), (0.021679554038581225, 0.07606617101728869, 0.9968670596240287, 0), (1.6543456315994245, 0, 0, 1) ),
                                    3: ( (0.9273733327276705, -0.3740435674490573, 0.008373254776716453, 0), (0.37350863267760925, 0.9242863989179919, -0.07865083655316943, 0), (0.021679553982406084, 0.07606617135884465, 0.9968670595991879, 0), (1.6543456315994245, 0, 0, 1) ),
                                    4: ( (0.9273733327280504, -0.374043567451582, 0.0083732546218508, 0), (0.37350863267382106, 0.9242863989409382, -0.07865083630149923, 0), (0.021679554031417126, 0.07606617106760694, 0.9968670596203449, 0), (1.6543456315994245, 0, 0, 1) ),
                                    5: ( (0.9273733327281688, -0.3740435674541369, 0.008373254494609838, 0), (0.37350863267260737, 0.9242863989645795, -0.07865083602943518, 0), (0.02167955404726339, 0.07606617076777553, 0.996867059642879, 0), (1.6543456315994245, 0, 0, 1) ),
                                    6: ( (0.9273733327279171, -0.3740435674546954, 0.008373254497546128, 0), (0.37350863267321105, 0.924286398963646, -0.07865083603754155, 0), (0.021679554047633297, 0.07606617077637515, 0.9968670596422149, 0), (1.6543456315994245, 0, 0, 1) ),
                                    7: ( (0.9273733327276334, -0.37404356745540485, 0.008373254497273365, 0), (0.3735086326738821, 0.9242863989633149, -0.07865083603824474, 0), (0.021679554048207008, 0.07606617077690869, 0.9968670596421616, 0), (1.6543456315994245, 0, 0, 1) ),
                                    8: ( (0.9252950879123237, -0.37915432782383657, 0.008425911094929494, 0), (0.37860921377646806, 0.9222197929343904, -0.07852207819215402, 0), (0.022001443791027437, 0.07584622081886919, 0.9968767663350399, 0), (1.6543456315994245, 0, 0, 1) ),
                                    9: ( (0.9024695825198314, -0.4306609750002182, 0.00893181047394332, 0), (0.4300129326130763, 0.8995087083812332, -0.0772849359954937, 0), (0.025249364585726058, 0.07358809793836968, 0.9969690373476149, 0), (1.6543456315994245, 0, 0, 1) ),
                                    10: ( (0.8557077281259344, -0.5173684559687906, 0.009703854596068224, 0), (0.5165461105573218, 0.8529334478802107, -0.0753966123594358, 0), (0.030731086763326032, 0.06952995221949738, 0.9971064065839209, 0), (1.6543456315994245, 0, 0, 1) ),
                                    11: ( (0.7891917840198093, -0.6140572663500914, 0.010488168490427949, 0), (0.6130391351726868, 0.7866282627352718, -0.07347785389362, 0), (0.03686932034028756, 0.06441777634117023, 0.9972416975382168, 0), (1.6543456315994245, 0, 0, 1) ),
                                    12: ( (0.7148820619545267, -0.699156169481769, 0.011148460486724179, 0), (0.6979644673666185, 0.7125176702302365, -0.0718621729653951, 0), (0.04229940648846742, 0.05915420767160873, 0.9973522647116552, 0), (1.6543456315994245, 0, 0, 1) ),
                                    13: ( (0.6527034678869746, -0.7575246002367979, 0.011604440718819022, 0), (0.7562130541049986, 0.6504896501911297, -0.07074624933812455, 0), (0.04604345566426734, 0.05495175184014901, 0.9974268420090725, 0), (1.6543456315994245, 0, 0, 1) ),
                                    14: ( (0.6260004376581179, -0.7797336913631858, 0.011782300496295035, 0), (0.7783763389220362, 0.6238482570157603, -0.07031093246946178, 0), (0.04747343528935152, 0.05318573842241886, 0.9974555379415615, 0), (1.6543456315994245, 0, 0, 1) ),
                                    15: ( (0.741910792179516, -0.6704095785058052, 0.010925817828961565, 0), (0.6692765690971516, 0.7394769105864812, -0.0724069939095584, 0), (0.04046295225398826, 0.06103192408192576, 0.9973153231239102, 0), (1.6543456315994245, 0, 0, 1) ),
                                    16: ( (0.8943239684631065, -0.4473277029513474, 0.009086561762933425, 0), (0.44664618060473465, 0.8913992287066781, -0.07690646534812375, 0), (0.026302638339209143, 0.07283777339684763, 0.9969969057038173, 0), (1.6543456315994245, 0, 0, 1) ),
                                    17: ( (0.9273733327263304, -0.37404356746260287, 0.008373254320053414, 0), (0.37350863268425694, 0.9242863990243819, -0.07865083527133031, 0), (0.021679553925204386, 0.0760661699994839, 0.9968670597041582, 0), (1.6543456315994245, 0, 0, 1) ),
                                    18: ( (0.9273733327263086, -0.3740435674621941, 0.008373254340716283, 0), (0.37350863269663315, 0.924286399063251, -0.07865083475577613, 0), (0.02167955371290864, 0.07606616952919239, 0.9968670597446608, 0), (1.6543456315994245, 0, 0, 1) ),
                                    19: ( (0.9273733327259984, -0.3740435674583818, 0.00837325454538494, 0), (0.3735086327235479, 0.9242863991116496, -0.07865083405919016, 0), (0.02167955326247759, 0.0760661689598436, 0.996867059797901, 0), (1.6543456315994245, 0, 0, 1) ),
                                    20: ( (0.9273733327262298, -0.3740435674576493, 0.008373254552469594, 0), (0.37350863272372475, 0.9242863991130185, -0.07865083404226433, 0), (0.02167955324952927, 0.07606616894681291, 0.9968670597991769, 0), (1.6543456315994245, 0, 0, 1) ),
                                    21: ( (0.9273733327271987, -0.37404356746046924, 0.008373254319185149, 0), (0.37350863268780593, 0.9242863990454129, -0.07865083500732527, 0), (0.021679553826913618, 0.07606616975442637, 0.996867059724995, 0), (1.6543456315994245, 0, 0, 1) ),
                                    22: ( (0.9273733327275919, -0.3740435674543285, 0.008373254549958818, 0), (0.37350863267416273, 0.9242863989528196, -0.07865083616024997, 0), (0.02167955404514904, 0.07606617090973063, 0.9968670596320931, 0), (1.6543456315994245, 0, 0, 1) ),
                                    23: ( (0.9273733327276374, -0.3740435674490619, 0.008373254780181538, 0), (0.37350863267776974, 0.9242863989175061, -0.07865083655811704, 0), (0.02167955398105841, 0.0760661713647259, 0.9968670595987684, 0), (1.6543456315994245, 0, 0, 1) ),
                                    24: ( (0.9273733327280066, -0.3740435674511625, 0.008373254645451125, 0), (0.3735086326742731, 0.9242863989371374, -0.07865083634402051, 0), (0.021679554025507305, 0.07606617111585527, 0.9968670596167919, 0), (1.6543456315994245, 0, 0, 1) ),
                                }
                                uniform token[] xformOpOrder = ["xformOp:transform"]

                                def Mesh "Foot_R_3"
                                {
                                    float3[] extent = [(-0.8635474, -0.6318643, -0.64690524), (0.854573, 0.3742461, 0.7149217)]
                                    int[] faceVertexCounts = [3, 4, 4, 3, 4, 4, 4, 3, 4, 3, 4, 4]
                                    int[] faceVertexIndices = [6, 12, 4, 5, 14, 12, 11, 0, 10, 13, 9, 11, 12, 6, 8, 3, 15, 6, 9, 13, 5, 11, 7, 8, 4, 2, 6, 4, 8, 6, 15, 0, 9, 9, 11, 6, 12, 14, 2, 4, 8, 7, 1, 3]
