#usda 1.0
(
    defaultPrim = "L_Shield"
)

def Xform "L_Shield"
{
    token visibility = "inherited"
    matrix4d xformOp:transform = ( (1, 0, 0, 0), (0, 1, 0, 0), (0, 0, 1, 0), (-20, 1.7763568394002505e-15, -20, 1) )
    uniform token[] xformOpOrder = ["xformOp:transform"]

    def Xform "All_Parent"
    {
        token visibility = "inherited"
        matrix4d xformOp:transform = ( (1, 0, 0, 0), (0, 1, 0, 0), (0, 0, 1, 0), (0, -1.7763568394002505e-15, 0, 1) )
        uniform token[] xformOpOrder = ["xformOp:transform"]

        def BasisCurves "GlobalSRT"
        {
            int[] curveVertexCounts
            point3f[] points
            token visibility = "inherited"
            uniform token wrap
            matrix4d xformOp:transform = ( (0.9999999999999988, 0, 0, 0), (0, 0.9999999999999998, 0, 0), (0, 0, 0.9999999999999998, 0), (-9.12256994062424e-16, 0, 0.14396983814983846, 1) )
            uniform token[] xformOpOrder = ["xformOp:transform"]

            def Xform "UpperBody"
            {
                token visibility = "inherited"
                matrix4d xformOp:transform = ( (0.9982172803743555, 0.028974281752584225, 0.052179997690179655, 0), (-0.0321256737979496, 0.9976447199379715, 0.06060489966095458, 0), (-0.05030111574361968, -0.062173175701491265, 0.9967970174404308, 0), (0, 10.37636414815428, -0.3631921564177816, 1) )
                matrix4d xformOp:transform.timeSamples = {
                    2: ( (0.9985754292018407, 0.024904972497663207, 0.047189559642468966, 0), (-0.027345637122580226, 0.9982829562422176, 0.05180111395190994, 0), (-0.045818427785331725, -0.05301774817161926, 0.9975418738349238, 0), (0, 10.523836905728267, -0.3344693096038151, 1) ),
                    3: ( (0.9992031091544937, 0.016281290519456867, 0.036442643084909195, 0), (-0.017774102879467457, 0.999000164619548, 0.04102136464022478, 0), (-0.035738325685783646, -0.0416364103776637, 0.9984934558664067, 0), (0, 10.710796972120912, -0.31497819475973005, 1) ),
                    4: ( (0.99975348704442, 0.004715876485069005, 0.02169621283773411, 0), (-0.005594919252542356, 0.9991583797112319, 0.040635318768075336, 0), (-0.021486321720578794, -0.04074669019445798, 0.9989384591740958, 0), (0, 10.7381273134819, -0.3631013218319139, 1) ),
                    5: ( (0.9999555590018404, -0.008165997704497942, 0.004711316462197653, 0), (0.007931339842652606, 0.998823392127829, 0.047842712993281036, 0), (-0.005096456574640029, -0.047803219763392975, 0.9988437707222465, 0), (0, 10.650567676693178, -0.4623278160419138, 1) ),
                    6: ( (0.9997038387268441, -0.020729611224270098, -0.012748256873107402, 0), (0.021436384981534655, 0.9980829130781145, 0.05806014140896174, 0), (0.011520253197545207, -0.058316222785737885, 0.9982316874985829, 0), (0, 10.517969311054046, -0.5837864365656601, 1) ),
                    7: ( (0.9990905192656181, -0.03133808215667025, -0.028914683472233596, 0), (0.033255879694146895, 0.9971021210956142, 0.06842080511361683, 0), (0.026686715409096368, -0.06932016094448203, 0.9972374514163138, 0), (0, 10.382072366122935, -0.7064384138668462, 1) ),
                    8: ( (0.9983794355109386, -0.03837000181309606, -0.04202672613614887, 0), (0.0414903259176321, 0.9962380460989704, 0.07608093296059507, 0), (0.03894939799417341, -0.07770134146698433, 0.9962155619794958, 0), (0, 10.284539910701984, -0.8092839800334236, 1) ),
                    9: ( (0.9979210589335687, -0.04026131753444476, -0.05032480946109239, 0), (0.04412568389920222, 0.9959609174480285, 0.07819702639172958, 0), (0.04697322809146002, -0.08025507601685876, 0.9956669315670758, 0), (0, 10.267446877335379, -0.8719368573605277, 1) ),
                    10: ( (0.9979409498531918, -0.037325295057496086, -0.052160166362655434, 0), (0.04109357197973014, 0.996474342892079, 0.07314507707116133, 0), (0.04924610591768421, -0.07513791524037815, 0.9959563819491665, 0), (0, 10.35675791605064, -0.8982445066253084, 1) ),
                    11: ( (0.9983428832145025, -0.03086871186684434, -0.048565524424595954, 0), (0.033924290757725996, 0.9974111495588828, 0.06340458368456613, 0), (0.04648257772047015, -0.06494706585604638, 0.9968055219575936, 0), (0, 10.515337468352136, -0.9004634378710278, 1) ),
                    12: ( (0.9989212713796328, -0.02175251719307532, -0.04102586478141518, 0), (0.023887495967775188, 0.9983462798319693, 0.05228855593776341, 0), (0.03982061176937797, -0.05321215595549622, 0.9977889482936161, 0), (0, 10.692192465332877, -0.883700297792725, 1) ),
                    13: ( (0.9994770236626246, -0.010851776778454964, -0.03046174832887514, 0), (0.012160967174523828, 0.9989955727370179, 0.04312721332543345, 0), (0.029963144826291106, -0.043475103134873364, 0.9986050897925218, 0), (0, 10.836308352909676, -0.8532039364841624, 1) ),
                    14: ( (0.9998412578181408, 0.0009548021047940049, -0.017791782304724377, 0), (-0.000255672910787481, 0.9992291543973405, 0.03925597577106562, 0), (0.017815549275863263, -0.03924519531505076, 0.9990707786982276, 0), (0, 10.896807775226774, -0.8142430156252901, 1) ),
                    15: ( (0.9999105940999472, 0.0127779314159128, -0.003940593282873214, 0), (-0.012599181492631716, 0.9990185326693085, 0.04246447937956613, 0), (0.004479333924427071, -0.04241103455460735, 0.9990902059952351, 0), (0, 10.848636521156234, -0.7581318343661995, 1) ),
                    16: ( (0.9996667185873029, 0.023728477688585832, 0.010169124617017258, 0), (-0.024213137686980777, 0.9984288628975287, 0.05053246180920756, 0), (-0.008954089135442711, -0.05076184669345663, 0.9986706460130009, 0), (0, 10.725816627943589, -0.6798520202497023, 1) ),
                    17: ( (0.9991792381443709, 0.032915243273657795, 0.023610099988567022, 0), (-0.034298946136269104, 0.9975594955845993, 0.06081640455453574, 0), (-0.02155069268435514, -0.061576290317260675, 0.9978696949580085, 0), (0, 10.565418229250138, -0.5910944918678366, 1) ),
                    18: ( (0.9985918331573671, 0.039457527707865064, 0.03546060149789064, 0), (-0.04188985139720506, 0.9966182409353475, 0.07069174057026621, 0), (-0.03255136097506863, -0.07207763413234929, 0.9968677061458828, 0), (0, 10.404317285299422, -0.5035388470952188, 1) ),
                    19: ( (0.998088521221537, 0.042574278228867654, 0.04479659182456282, 0), (-0.04596855440600433, 0.9959172783861242, 0.07768955282274097, 0), (-0.04130612317354102, -0.079600285459703, 0.9959706816684446, 0), (0, 10.278241735588672, -0.42892306487506937, 1) ),
                    20: ( (0.9980616055902105, 0.036089192786651174, 0.05070110068528084, 0), (-0.03962802381120362, 0.9967157838661551, 0.07062057717758081, 0), (-0.047985947687940254, -0.07249287107077423, 0.9962138989536364, 0), (0, 10.297875315254815, -0.37892364532632766, 1) ),
                    21: ( (0.99820731244413, 0.029081980772294368, 0.05231060865089371, 0), (-0.032256582457410456, 0.9976222820550671, 0.06090398374005237, 0), (-0.05041502029390978, -0.06248216338764355, 0.9967719423153746, 0), (0, 10.371407613122651, -0.36429968411735014, 1) ),
                    22: ( (0.9985117345050711, 0.02566180379606436, 0.04812263377670416, 0), (-0.028217968766651294, 0.9981844011015566, 0.05321322801908651, 0), (-0.046669714959047946, -0.054491955584831955, 0.9974229616778341, 0), (0, 10.5000026351694, -0.3386269723479712, 1) ),
                    23: ( (0.9991254342883701, 0.017500908232583327, 0.03797479123195741, 0), (-0.019093217126511252, 0.9989359419877305, 0.04198133948369485, 0), (-0.037199672281297724, -0.04266968497797981, 0.9983964555055492, 0), (0, 10.693342787228968, -0.3147732823636832, 1) ),
                    24: ( (0.9997020004424629, 0.0061992122994427865, 0.023611016034981912, 0), (-0.007142641906150932, 0.9991707537456171, 0.04008475428408767, 0), (-0.02334294278659467, -0.04024145407762529, 0.9989172800566521, 0), (0, 10.744034823119062, -0.35360299874880063, 1) ),
                }
                uniform token[] xformOpOrder = ["xformOp:transform"]

                def Xform "RThigh"
                {
                    token visibility = "inherited"
                    matrix4d xformOp:transform = ( (-0.09033020679146361, -0.976508989690168, -0.19562884959866936, 0), (0.003366092816162675, 0.19613140677419005, -0.9805718437197399, 0), (0.9959061819067921, -0.08923376228235912, -0.014429570637098908, 0), (-0.9957332961985514, -0.6742693918118974, 0.029063312427805243, 1) )
                    matrix4d xformOp:transform.timeSamples = {
                        2: ( (-0.08219764918840322, -0.9923303546043037, -0.09232558582969912, 0), (-0.007981963668044914, 0.09329159624279644, -0.9956068332059966, 0), (0.9965840831178784, -0.08109960173371997, -0.015589094737341215, 0), (-0.9957332961985514, -0.6742693918118974, 0.029063312427805243, 1) ),
                        3: ( (-0.05750517056950342, -0.9957547060782189, 0.07187294818533758, 0), (-0.02396143733363801, -0.0705947322108632, -0.9972172447892097, 0), (0.9980576160115598, -0.05906732690038053, -0.019800151872274272, 0), (-0.9957332961985514, -0.6742693918118974, 0.029063312427805243, 1) ),
                        4: ( (-0.026380159474934647, -0.9577397209621563, 0.2864240110001395, 0), (-0.03407165099736408, -0.28549582160910725, -0.957774116606862, 0), (0.9990711735328924, -0.035025172877115596, -0.025100348215459704, 0), (-0.9957332961985514, -0.6742693918118974, 0.029063312427805243, 1) ),
                        5: ( (0.0001756428409842504, -0.8498165707512836, 0.5270785190330955, 0), (-0.03463766681537813, -0.5267674164576395, -0.8493034328178184, 0), (0.999399920545914, -0.018107596060013505, -0.029528186157434723, 0), (-0.9957332961985514, -0.6742693918118974, 0.029063312427805243, 1) ),
                        6: ( (0.013466301781992328, -0.7057907353394188, 0.7082923807477804, 0), (-0.03035075330589821, -0.7083187363836422, -0.7052399587811548, 0), (0.9994485932203221, -0.012000233202856349, -0.030959714355856788, 0), (-0.9957332961985514, -0.6742693918118974, 0.029063312427805243, 1) ),
                        7: ( (0.014707804075208096, -0.6151480827357912, 0.7882743918241703, 0), (-0.029331381693773206, -0.7882858265596395, -0.6146097344601044, 0), (0.9994615302988001, -0.01408161750886679, -0.02963709670521892, 0), (-0.9957332961985514, -0.6742693918118974, 0.029063312427805243, 1) ),
                        8: ( (0.009122603303516578, -0.6247726548830899, 0.7807534231876939, 0), (-0.032693367607971306, -0.7805548459223006, -0.6242317488094175, 0), (0.9994237949055529, -0.019830840061608547, -0.027546614293487696, 0), (-0.9957332961985514, -0.6742693918118974, 0.029063312427805243, 1) ),
                        9: ( (0.0060741384570900635, -0.6670981293956292, 0.7449450923382586, 0), (-0.034146253863451645, -0.7446627611806738, -0.6665668799586937, 0), (0.999398388126125, -0.02138826471753497, -0.02730208679342727, 0), (-0.9957332961985514, -0.6742693918118974, 0.029063312427805243, 1) ),
                        10: ( (0.009755019926654366, -0.6939207522395517, 0.7199852979037316, 0), (-0.03177937508946502, -0.7198709884937575, -0.6933800049352039, 0), (0.9994473027154325, -0.01611674707609628, -0.029074723705161423, 0), (-0.9957332961985514, -0.6742693918118974, 0.029063312427805243, 1) ),
                        11: ( (0.01064694701449722, -0.7568609941044661, 0.6534891568514889, 0), (-0.03100413902911529, -0.6534618523017773, -0.7563242366534298, 0), (0.9994625485141171, -0.012208324599613766, -0.0304231972043815, 0), (-0.9957332961985514, -0.6742693918118974, 0.029063312427805243, 1) ),
                        12: ( (0.007948193985717144, -0.8294767848959126, 0.5584846367905794, 0), (-0.03203032720969706, -0.558426875599206, -0.828935149904592, 0), (0.999455293823193, -0.01129990828496986, -0.031006897967164018, 0), (-0.9957332961985514, -0.6742693918118974, 0.029063312427805243, 1) ),
                        13: ( (0.0010514986594498876, -0.887431449734084, 0.4609385169124306, 0), (-0.03398031234129761, -0.4607042886032668, -0.886902980508999, 0), (0.9994219492905673, -0.01473025747975156, -0.03063962778532387, 0), (-0.9957332961985514, -0.6742693918118974, 0.029063312427805243, 1) ),
                        14: ( (-0.009845875452012385, -0.9272685307021135, 0.37426745878599627, 0), (-0.03569540284237345, -0.3737211293135889, -0.9268540099284766, 0), (0.9993142133245699, -0.02248531685611157, -0.029419612053460657, 0), (-0.9957332961985514, -0.6742693918118974, 0.029063312427805243, 1) ),
                        15: ( (-0.024199023470004993, -0.9546193910704718, 0.29684377280876195, 0), (-0.03631659730826863, -0.29589530001360126, -0.9545297670527673, 0), (0.9990473021949697, -0.033879043996291304, -0.027508150698477632, 0), (-0.9957332961985514, -0.6742693918118974, 0.029063312427805243, 1) ),
                        16: ( (-0.0414955581154321, -0.9765750087591475, 0.21113827441693211, 0), (-0.034551905555697884, -0.20979131088063843, -0.977135493010797, 0), (0.9985410780128972, -0.04784201235372779, -0.025037119937940687, 0), (-0.9957332961985514, -0.6742693918118974, 0.029063312427805243, 1) ),
                        17: ( (-0.06063142428525721, -0.9931119333502751, 0.10026224726396153, 0), (-0.02830248344485099, -0.09869617244773188, -0.9947150521506255, 0), (0.9977588886198886, -0.06314866096320815, -0.02212344454552078, 0), (-0.9957332961985514, -0.6742693918118974, 0.029063312427805243, 1) ),
                        18: ( (-0.07773778718717031, -0.9967727962804751, 0.020020715233096294, 0), (-0.02086015547757613, -0.018450872282679175, -0.9996121343928651, 0), (0.9967555820544441, -0.07812527060568031, -0.019358505523300453, 0), (-0.9957332961985514, -0.6742693918118974, 0.029063312427805243, 1) ),
                        19: ( (-0.09214342583482149, -0.9900417329370372, -0.10642817351834505, 0), (-0.006573351211043682, 0.10748534599834175, -0.9941849382531769, 0), (0.9957240481826675, -0.09090801636074221, -0.01641196003151379, 0), (-0.9957332961985514, -0.6742693918118974, 0.029063312427805243, 1) ),
                        20: ( (-0.09296102033354241, -0.9613014469121899, -0.2593410435374179, 0), (0.009824624728020597, 0.25957064217555875, -0.9656741471477435, 0), (0.9956212761123078, -0.09231798245790598, -0.014685525778857294, 0), (-0.9957332961985514, -0.6742693918118974, 0.029063312427805243, 1) ),
                        21: ( (-0.08994505964905042, -0.9748445517400108, -0.2039313271362349, 0), (0.0039280872308279716, 0.20441245408702877, -0.9788769681348242, 0), (0.9959389822551559, -0.08884620733005802, -0.014556615940134427, 0), (-0.9957332961985514, -0.6742693918118974, 0.029063312427805243, 1) ),
                        22: ( (-0.08420525392284581, -0.9906104999999658, -0.1077047468852085, 0), (-0.006162925177865448, 0.1086043128746635, -0.9940659543401907, 0), (0.9964293720906873, -0.08304179980491734, -0.0152501121346349, 0), (-0.9957332961985514, -0.6742693918118974, 0.029063312427805243, 1) ),
                        23: ( (-0.06102720369953231, -0.9969230602740359, 0.04919443365327777, 0), (-0.022194004998528673, -0.04791879459735557, -0.9986046341102476, 0), (0.9978893258025867, -0.06203386992754365, -0.019201365343941585, 0), (-0.9957332961985514, -0.6742693918118974, 0.029063312427805243, 1) ),
                        24: ( (-0.030085294538152594, -0.9655859334367064, 0.2583383057189102, 0), (-0.03335509037264842, -0.2573415141450933, -0.9657446779784724, 0), (0.998990647102757, -0.0376716106196068, -0.024465010822390134, 0), (-0.9957332961985514, -0.6742693918118974, 0.029063312427805243, 1) ),
                    }
                    uniform token[] xformOpOrder = ["xformOp:transform"]

                    def Xform "RShin"
                    {
                        token visibility = "inherited"
                        matrix4d xformOp:transform = ( (0.6143774759143231, 0.7890122414063963, 1.0118522345008299e-16, 0), (-0.7890122414063963, 0.6143774759143231, 8.396260173468424e-17, 0), (4.081598405907025e-18, -1.314211112765119e-16, 1, 0), (5.454091548919664, 3.552713678800501e-15, -8.171241461241152e-14, 1) )
                        matrix4d xformOp:transform.timeSamples = {
                            2: ( (0.4370115674982878, 0.8994558854511373, -1.412824307034555e-16, 0), (-0.8994558854511373, 0.4370115674982878, -4.252536721436362e-17, 0), (2.3492364679755118e-17, 1.4566139119185484e-16, 1, 0), (5.454091548919664, 3.552713678800501e-15, -8.171241461241152e-14, 1) ),
                            3: ( (0.27445178778210916, 0.9616008611597663, -1.34649205564355e-16, 0), (-0.9616008611597663, 0.27445178778210916, 1.8643694424910847e-17, 0), (5.4882507804771754e-17, 1.2436199675938205e-16, 1, 0), (5.454091548919664, 3.552713678800501e-15, -8.171241461241152e-14, 1) ),
                            4: ( (0.13740020412016074, 0.9905156151761254, 6.358999227421119e-17, 0), (-0.9905156151761254, 0.13740020412016074, -5.3930513644550925e-17, 0), (-6.215629381787285e-17, -5.557681673346894e-17, 1, 0), (5.454091548919664, 3.552713678800501e-15, -8.171241461241152e-14, 1) ),
                            5: ( (0.07140598688109469, 0.9974473344681096, -8.137256147968119e-17, 0), (-0.9974473344681096, 0.07140598688109469, -6.5011640572606124e-18, 0), (-6.740807023552926e-19, 8.162906658213497e-17, 1, 0), (5.454091548919664, 3.552713678800501e-15, -8.171241461241152e-14, 1) ),
                            6: ( (0.14824360540804862, 0.9889508751478118, 1.1617022214453028e-16, 0), (-0.9889508751478118, 0.14824360540804862, 4.8706420087301385e-17, 0), (3.094676419889456e-17, -1.2210705817620949e-16, 1, 0), (5.454091548919664, 3.552713678800501e-15, -8.171241461241152e-14, 1) ),
                            7: ( (0.3712140449257695, 0.9285473239689234, 5.258446902151801e-18, 0), (-0.9285473239689234, 0.3712140449257695, -6.197553416941729e-17, 0), (-5.949922574913214e-17, 1.8123471926238904e-17, 1, 0), (5.454091548919664, 3.552713678800501e-15, -8.171241461241152e-14, 1) ),
                            8: ( (0.660370119774413, 0.7509402805211127, -1.027608329411073e-16, 0), (-0.7509402805211127, 0.660370119774413, 4.509478943690586e-17, 0), (1.0172367738722808e-16, 4.7387997213726865e-17, 1, 0), (5.454091548919664, 3.552713678800501e-15, -8.171241461241152e-14, 1) ),
                            9: ( (0.756252352754937, 0.6542800462742406, -4.519987824594668e-17, 0), (-0.6542800462742406, 0.756252352754937, -1.1949175499609733e-16, 0), (-4.399855672050292e-17, 1.1993929928096313e-16, 1, 0), (5.454091548919664, 3.552713678800501e-15, -8.171241461241152e-14, 1) ),
                            10: ( (0.6466341721262333, 0.7628002670677435, -4.5109926868107613e-17, 0), (-0.7628002670677435, 0.6466341721262333, -9.986755398408892e-17, 0), (-4.7009376635431627e-17, 9.898763735517213e-17, 1, 0), (5.454091548919664, 3.552713678800501e-15, -8.171241461241152e-14, 1) ),
                            11: ( (0.600739555697772, 0.7994447987322473, 5.646683779620646e-17, 0), (-0.7994447987322473, 0.600739555697772, 5.499870879394029e-17, 0), (1.0046568632953841e-17, -7.818201966185756e-17, 1, 0), (5.454091548919664, 3.552713678800501e-15, -8.171241461241152e-14, 1) ),
                            12: ( (0.595950590396397, 0.8030211042097125, -5.0269734395109174e-17, 0), (-0.8030211042097125, 0.595950590396397, 2.354138221591727e-17, 0), (4.8862504633484154e-17, 2.6338156991966396e-17, 1, 0), (5.454091548919664, 3.552713678800501e-15, -8.171241461241152e-14, 1) ),
                            13: ( (0.5933613340865992, 0.80493622555515, 3.156508619449518e-17, 0), (-0.80493622555515, 0.5933613340865992, -3.1317486882618386e-17, 0), (-4.3938081340091914e-17, -6.8252955438099066e-18, 1, 0), (5.454091548919664, 3.552713678800501e-15, -8.171241461241152e-14, 1) ),
                            14: ( (0.5765761060868733, 0.8170434467576977, 5.0166385018921397e-17, 0), (-0.8170434467576977, 0.5765761060868733, -2.3527541289222515e-17, 0), (-4.8147762359344966e-17, -2.7422697984895214e-17, 1, 0), (5.454091548919664, 3.552713678800501e-15, -8.171241461241152e-14, 1) ),
                            15: ( (0.5488124278122744, 0.8359455239899292, -3.245441338500316e-17, 0), (-0.8359455239899292, 0.5488124278122744, -6.717043377717871e-17, 0), (-3.8339438057447733e-17, 6.399409044136929e-17, 1, 0), (5.454091548919664, 3.552713678800501e-15, -8.171241461241152e-14, 1) ),
                            16: ( (0.5362296254621401, 0.8440721466656348, -4.745662956874629e-17, 0), (-0.8440721466656348, 0.5362296254621401, 2.8997974420973375e-17, 0), (4.9924033217810515e-17, 2.4507246230688247e-17, 1, 0), (5.454091548919664, 3.552713678800501e-15, -8.171241461241152e-14, 1) ),
                            17: ( (0.5657400172512109, 0.8245836724557427, 2.539727869677439e-17, 0), (-0.8245836724557427, 0.5657400172512109, -1.269001320821849e-17, 0), (-2.4832234582791638e-17, -1.3762933046832601e-17, 1, 0), (5.454091548919664, 3.552713678800501e-15, -8.171241461241152e-14, 1) ),
                            18: ( (0.5792035742279806, 0.8151829362796624, 1.2237759850313107e-16, 0), (-0.8151829362796624, 0.5792035742279806, 5.861807608704696e-17, 0), (-2.3097087074746683e-17, -1.3371192926662131e-16, 1, 0), (5.454091548919664, 3.552713678800501e-15, -8.171241461241152e-14, 1) ),
                            19: ( (0.6473520567341804, 0.7621911273703116, -2.6300970890710507e-17, 0), (-0.7621911273703116, 0.6473520567341804, -7.308480061101352e-17, 0), (-3.867859897113558e-17, 6.735796264567147e-17, 1, 0), (5.454091548919664, 3.552713678800501e-15, -8.171241461241152e-14, 1) ),
                            20: ( (0.7658934425196048, 0.6429675222789009, -1.8767154051111417e-16, 0), (-0.6429675222789009, 0.7658934425196048, -4.9410178636395257e-17, 0), (1.1196726209181376e-16, 1.5850963721603285e-16, 1, 0), (5.454091548919664, 3.552713678800501e-15, -8.171241461241152e-14, 1) ),
                            21: ( (0.6362884902049726, 0.7714512021072211, 1.5851826964798376e-16, 0), (-0.7714512021072211, 0.6362884902049726, 5.061605782253031e-17, 0), (-6.181553181110072e-17, -1.544955246879191e-16, 1, 0), (5.454091548919664, 3.552713678800501e-15, -8.171241461241152e-14, 1) ),
                            22: ( (0.456631597726402, 0.8896558795162506, -1.2362486490757438e-16, 0), (-0.8896558795162506, 0.456631597726402, -3.353874641889116e-17, 0), (2.6613076638285186e-17, 1.2529843928242468e-16, 1, 0), (5.454091548919664, 3.552713678800501e-15, -8.171241461241152e-14, 1) ),
                            23: ( (0.29329079981748163, 0.9560232773015633, -3.8184328183456604e-17, 0), (-0.9560232773015633, 0.29329079981748163, 5.0876744781445135e-18, 0), (1.606304738185843e-17, 3.5012938454600645e-17, 1, 0), (5.454091548919664, 3.552713678800501e-15, -8.171241461241152e-14, 1) ),
                            24: ( (0.1513975693617711, 0.9884729515729541, 7.709236292567806e-17, 0), (-0.9884729515729541, 0.1513975693617711, -7.383178522657464e-18, 0), (-1.896966862958444e-17, -7.5085920242384e-17, 1, 0), (5.454091548919664, 3.552713678800501e-15, -8.171241461241152e-14, 1) ),
                        }
                        uniform token[] xformOpOrder = ["xformOp:transform"]

                        def Xform "RFoot"
                        {
                            token visibility = "inherited"
                            matrix4d xformOp:transform = ( (-0.2843540668054828, -0.9568667287836319, 0.05957204074139477, 0), (0.9585433977158804, -0.2825621406099893, 0.036785749811524014, 0), (-0.01836625673561208, 0.06756256390052129, 0.9975459791772555, 0), (4.547469615931787, 2.5934809855243657e-13, -4.654054919228656e-13, 1) )
                            matrix4d xformOp:transform.timeSamples = {
                                2: ( (-0.15011074462239918, -0.9870207507050922, 0.05706839779129202, 0), (0.9885344134716255, -0.14888696298585277, 0.025147278881791527, 0), (-0.016324145650482166, 0.06018895189655312, 0.9980535117609557, 0), (4.547469615931787, 2.5934809855243657e-13, -4.654054919228656e-13, 1) ),
                                3: ( (0.1263970932082573, -0.991092393807823, 0.04194808416104662, 0), (0.991665693594506, 0.12730801207185283, 0.019794499489514738, 0), (-0.024958505088056512, 0.03909650877753801, 0.998923688789678, 0), (4.547469615931787, 2.5934809855243657e-13, -4.654054919228656e-13, 1) ),
                                4: ( (0.16059087100992817, -0.9867017561981648, 0.025104112486401712, 0), (0.9861727421637249, 0.16145522107409704, 0.03735684945486851, 0), (-0.0409132589945102, 0.01875782245815729, 0.9989866111890972, 0), (4.547469615931787, 2.5934809855243657e-13, -4.654054919228656e-13, 1) ),
                                5: ( (-0.07295479502977963, -0.997332870201372, -0.002178049139960148, 0), (0.99555012519632, -0.07295464534044634, 0.059645351410157504, 0), (-0.0596451683186017, 0.002183057292636156, 0.9982172549886636, 0), (4.547469615931787, 2.5934809855243657e-13, -4.654054919228656e-13, 1) ),
                                6: ( (-0.22588313995517892, -0.9735189784385064, -0.03517962057833991, 0), (0.9713214101341542, -0.22783146971963433, 0.06802602164164592, 0), (-0.07423964775635314, -0.018804787301063698, 0.9970631146901255, 0), (4.547469615931787, 2.5934809855243657e-13, -4.654054919228656e-13, 1) ),
                                7: ( (-0.02475954598162091, -0.998319615239813, -0.052391895463093405, 0), (0.9964403308238853, -0.02886955082177157, 0.07920363718248795, 0), (-0.08058307508633583, -0.05024435155100378, 0.9954807246485736, 0), (4.547469615931787, 2.5934809855243657e-13, -4.654054919228656e-13, 1) ),
                                8: ( (0.4009138874666188, -0.914767408767551, -0.049685437434963835, 0), (0.9132064101791486, 0.39473363451846394, 0.10118997078543097, 0), (-0.07295277406730985, -0.08594152451838473, 0.9936256574381219, 0), (4.547469615931787, 2.5934809855243657e-13, -4.654054919228656e-13, 1) ),
                                9: ( (0.5735646327920361, -0.8179637788532309, -0.04425910634298473, 0), (0.8163363190393812, 0.5662698989331304, 0.11372517654194171, 0), (-0.0679604754792848, -0.10135905507849294, 0.9925259269793533, 0), (4.547469615931787, 2.5934809855243657e-13, -4.654054919228656e-13, 1) ),
                                10: ( (0.40945351504194005, -0.9108741616954209, -0.051537176634580906, 0), (0.9089980747590749, 0.4024821198154161, 0.10830809440288439, 0), (-0.07791225259286819, -0.09119432430010771, 0.9927805780288773, 0), (4.547469615931787, 2.5934809855243657e-13, -4.654054919228656e-13, 1) ),
                                11: ( (0.27779108514483936, -0.959084334442793, -0.05467497087770031, 0), (0.9573492625231093, 0.2716823190685366, 0.09834178690668839, 0), (-0.07946384436025788, -0.0796615147481304, 0.9936496065049902, 0), (4.547469615931787, 2.5934809855243657e-13, -4.654054919228656e-13, 1) ),
                                12: ( (0.1717045743201444, -0.983699801960047, -0.053406355251993234, 0), (0.9821920213638059, 0.16674077047889785, 0.08658145661389996, 0), (-0.07626514490131871, -0.06732172817053649, 0.9948122499192062, 0), (4.547469615931787, 2.5934809855243657e-13, -4.654054919228656e-13, 1) ),
                                13: ( (0.12076616308106704, -0.991671067417845, -0.04476637020162459, 0), (0.9901694497086748, 0.11713218909382606, 0.076449402494122, 0), (-0.07056907763530153, -0.05355879315705271, 0.9960680001672891, 0), (4.547469615931787, 2.5934809855243657e-13, -4.654054919228656e-13, 1) ),
                                14: ( (0.10671339668683909, -0.9938076318622324, -0.03096194147560469, 0), (0.9922435293214383, 0.10444533292155772, 0.06740883436643054, 0), (-0.06375758376297848, -0.037915211766340155, 0.9972449083497094, 0), (4.547469615931787, 2.5934809855243657e-13, -4.654054919228656e-13, 1) ),
                                15: ( (0.1045161249936695, -0.994413195693709, -0.01479107320423066, 0), (0.9929379974392101, 0.10349860931358339, 0.05798423157691588, 0), (-0.056129429515351714, -0.02074690580254037, 0.9982079207469261, 0), (4.547469615931787, 2.5934809855243657e-13, -4.654054919228656e-13, 1) ),
                                16: ( (0.10508400585715763, -0.9944619323309725, 0.0016783496540486024, 0), (0.9933270336840796, 0.1050444395731335, 0.047613757120751665, 0), (-0.04752637021065761, -0.00333629424881755, 0.9988644118574277, 0), (4.547469615931787, 2.5934809855243657e-13, -4.654054919228656e-13, 1) ),
                                17: ( (0.10232455800654104, -0.9945994672812221, 0.017366188778061016, 0), (0.9939958616152373, 0.1029114312347546, 0.037168056352143986, 0), (-0.03875450838996405, 0.013458714839226282, 0.9991581211571713, 0), (4.547469615931787, 2.5934809855243657e-13, -4.654054919228656e-13, 1) ),
                                18: ( (0.09906118864381906, -0.9945556456073138, 0.0323411300837316, 0), (0.9945986277564709, 0.09997304697017385, 0.027909846729142648, 0), (-0.030991136949433045, 0.029401661009517292, 0.9990871292136951, 0), (4.547469615931787, 2.5934809855243657e-13, -4.654054919228656e-13, 1) ),
                                19: ( (0.01849663430601217, -0.9987855068940165, 0.045666023888798396, 0), (0.9994957289378986, 0.01965022273302194, 0.024943066801041837, 0), (-0.02581012115911627, 0.045181633049340746, 0.9986453112495679, 0), (4.547469615931787, 2.5934809855243657e-13, -4.654054919228656e-13, 1) ),
                                20: ( (-0.12040007306930604, -0.991202992932884, 0.054958613572386426, 0), (0.9923744230027228, -0.11870080852927993, 0.03321328987782051, 0), (-0.026397480465352625, 0.058538404961088225, 0.9979360842106537, 0), (4.547469615931787, 2.5934809855243657e-13, -4.654054919228656e-13, 1) ),
                                21: ( (-0.27352967584374455, -0.9600521197137013, 0.05900376145674956, 0), (0.961667123143955, -0.27171908334587813, 0.036947043314792156, 0), (-0.019438639274533306, 0.06684809031606441, 0.9975737928214884, 0), (4.547469615931787, 2.5934809855243657e-13, -4.654054919228656e-13, 1) ),
                                22: ( (-0.18179964704871926, -0.981611830207017, 0.05819882413409656, 0), (0.983207271511754, -0.1805011551803801, 0.026884832619166202, 0), (-0.015885514765764837, 0.06210916016320581, 0.9979429355651794, 0), (4.547469615931787, 2.5934809855243657e-13, -4.654054919228656e-13, 1) ),
                                23: ( (0.09908363344622861, -0.9941084877974451, 0.04394027847169952, 0), (0.9948021029788423, 0.10000128130860299, 0.019196865512641718, 0), (-0.023477851093449957, 0.04180978624335149, 0.99884970455135, 0), (4.547469615931787, 2.5934809855243657e-13, -4.654054919228656e-13, 1) ),
                                24: ( (0.17616699535436764, -0.9839784250317462, 0.027416214542832055, 0), (0.9835983519802727, 0.17705798622094485, 0.03442021930603361, 0), (-0.03872301291875348, 0.020902836827284853, 0.9990313306814086, 0), (4.547469615931787, 2.5934809855243657e-13, -4.654054919228656e-13, 1) ),
                            }
                            uniform token[] xformOpOrder = ["xformOp:transform"]

                            def Xform "RToe"
                            {
                                token visibility = "inherited"
                                matrix4d xformOp:transform = ( (0.9273733327263577, -0.37404356746257017, 0.0083732543184817, 0), (0.3735086326845335, 0.9242863990259473, -0.07865083525162063, 0), (0.021679553919269144, 0.0760661699806231, 0.9968670597057264, 0), (1.654345631599428, 0, 0, 1) )
                                matrix4d xformOp:transform.timeSamples = {
                                    2: ( (0.9273733327262765, -0.3740435674619575, 0.008373254354843734, 0), (0.3735086326994105, 0.9242863990697148, -0.07865083466662494, 0), (0.02167955366643166, 0.0760661694518134, 0.9968670597515761, 0), (1.654345631599428, 0, 0, 1) ),
                                    3: ( (0.9273733327259753, -0.37404356745788747, 0.008373254570000157, 0), (0.3735086327260413, 0.9242863991150008, -0.07865083400796521, 0), (0.02167955322049878, 0.07606616892155203, 0.9968670598017357, 0), (1.654345631599428, 0, 0, 1) ),
                                    4: ( (0.9273733327263243, -0.3740435674580751, 0.008373254522989376, 0), (0.3735086327204315, 0.9242863991085752, -0.07865083411011947, 0), (0.021679553302228906, 0.07606616899870869, 0.996867059794071, 0), (1.654345631599428, 0, 0, 1) ),
                                    5: ( (0.9273733327272924, -0.3740435674602607, 0.008373254318125571, 0), (0.373508632684318, 0.9242863990343035, -0.07865083515444338, 0), (0.021679553882998165, 0.07606616989044218, 0.9968670597133966, 0), (1.654345631599428, 0, 0, 1) ),
                                    6: ( (0.9273733327275903, -0.3740435674533249, 0.008373254594970425, 0), (0.3735086326745355, 0.924286398944647, -0.07865083625452249, 0), (0.021679554038796962, 0.07606617101397169, 0.9968670596242771, 0), (1.654345631599428, 0, 0, 1) ),
                                    7: ( (0.9273733327276693, -0.3740435674490556, 0.008373254776925068, 0), (0.37350863267761686, 0.9242863989179633, -0.0786508365534712, 0), (0.021679553982326245, 0.07606617135920239, 0.9968670595991623, 0), (1.654345631599428, 0, 0, 1) ),
                                    8: ( (0.9273733327280492, -0.3740435674515684, 0.008373254622611967, 0), (0.3735086326738347, 0.9242863989408128, -0.07865083630291109, 0), (0.02167955403124166, 0.07606617106920056, 0.9968670596202273, 0), (1.654345631599428, 0, 0, 1) ),
                                    9: ( (0.9273733327281699, -0.37404356745413553, 0.008373254494553162, 0), (0.3735086326726047, 0.9242863989645924, -0.07865083602929804, 0), (0.021679554047264266, 0.07606617076762726, 0.9968670596428904, 0), (1.654345631599428, 0, 0, 1) ),
                                    10: ( (0.9273733327279182, -0.3740435674546927, 0.008373254497547175, 0), (0.37350863267320844, 0.9242863989636473, -0.07865083603753885, 0), (0.021679554047631094, 0.0760661707763731, 0.9968670596422151, 0), (1.654345631599428, 0, 0, 1) ),
                                    11: ( (0.9273733327276347, -0.3740435674554018, 0.008373254497274446, 0), (0.37350863267387924, 0.9242863989633163, -0.07865083603824197, 0), (0.021679554048204718, 0.0760661707769066, 0.9968670596421618, 0), (1.654345631599428, 0, 0, 1) ),
                                    12: ( (0.925335214692347, -0.37905640902629695, 0.00842491699405339, 0), (0.37851149139710477, 0.9222596989796122, -0.07852450902982068, 0), (0.021995257002532957, 0.07585042131803622, 0.9968765832615735, 0), (1.654345631599428, 0, 0, 1) ),
                                    13: ( (0.9026100552631011, -0.430366542163347, 0.008929027063778022, 0), (0.42971908867065867, 0.8996485376402573, -0.07729174311532457, 0), (0.025230794081841736, 0.07360127789726686, 0.9969685345696168, 0), (1.654345631599428, 0, 0, 1) ),
                                    14: ( (0.8559380577567826, -0.5169873683087121, 0.009700633627696378, 0), (0.5161657917909258, 0.8531629610311334, -0.07540449130811104, 0), (0.03070694821035385, 0.06954870907371632, 0.9971058421239875, 0), (1.654345631599428, 0, 0, 1) ),
                                    15: ( (0.7894850830214684, -0.6136801805949803, 0.010485210131301657, 0), (0.6126628162472646, 0.7869207169913376, -0.07348509207866376, 0), (0.0368453155035444, 0.06443928238855173, 0.9972411953036701, 0), (1.654345631599428, 0, 0, 1) ),
                                    16: ( (0.7151690127057767, -0.6988626802314019, 0.011146185231991592, 0), (0.697671578137209, 0.7128038979169384, -0.0718677408435454, 0), (0.042280637707828105, 0.05917395790548622, 0.9973518889443279, 0), (1.654345631599428, 0, 0, 1) ),
                                    17: ( (0.6528977189833997, -0.7573572052058615, 0.011603114626705067, 0), (0.7560460041876282, 0.6506834472479781, -0.07074949490567836, 0), (0.046032685107373, 0.054964672292796446, 0.9974266272270612, 0), (1.654345631599428, 0, 0, 1) ),
                                    18: ( (0.6259198798711024, -0.7797983514279463, 0.011782830407074408, 0), (0.7784408665709737, 0.623767883439751, -0.07030963547995822, 0), (0.04747758665282091, 0.05318043530613827, 0.997455623106248, 0), (1.654345631599428, 0, 0, 1) ),
                                    19: ( (0.7411762208850837, -0.6712214983016226, 0.01093205434629925, 0), (0.6700868248699406, 0.7387442616420534, -0.07239173313755437, 0), (0.04051489516495283, 0.060980456776431345, 0.9973163626257772, 0), (1.654345631599428, 0, 0, 1) ),
                                    20: ( (0.893945682993044, -0.44808305757149924, 0.009093369863626855, 0), (0.44740000043802475, 0.8910225564074673, -0.07688981454755317, 0), (0.026350625536325743, 0.07280369146189067, 0.9969981279036416, 0), (1.654345631599428, 0, 0, 1) ),
                                    21: ( (0.9273733327263296, -0.3740435674626037, 0.00837325432009298, 0), (0.3735086326842518, 0.9242863990243487, -0.07865083527174432, 0), (0.021679553925323017, 0.07606616999988253, 0.9968670597041253, 0), (1.654345631599428, 0, 0, 1) ),
                                    22: ( (0.9273733327263097, -0.3740435674622009, 0.00837325434029236, 0), (0.37350863269654005, 0.924286399063024, -0.07865083475888486, 0), (0.021679553714465706, 0.0760661695319163, 0.9968670597444191, 0), (1.654345631599428, 0, 0, 1) ),
                                    23: ( (0.9273733327259992, -0.3740435674583993, 0.008373254544508067, 0), (0.37350863272345697, 0.9242863991115231, -0.07865083406110766, 0), (0.021679553264007733, 0.07606616896129362, 0.9968670597977571, 0), (1.654345631599428, 0, 0, 1) ),
                                    24: ( (0.9273733327262268, -0.37404356745763456, 0.008373254553469323, 0), (0.3735086327238321, 0.924286399113155, -0.07865083404014978, 0), (0.021679553247811997, 0.07606616894522598, 0.9968670597993353, 0), (1.654345631599428, 0, 0, 1) ),
                                }
                                uniform token[] xformOpOrder = ["xformOp:transform"]

                                def Mesh "Foot_R_3"
                                {
                                    float3[] extent = [(-0.8635474, -0.6318643, -0.64690524), (0.854573, 0.3742461, 0.7149217)]
                                    int[] faceVertexCounts = [3, 4, 4, 3, 4, 4, 4, 3, 4, 3, 4, 4]
                                    int[] faceVertexIndices = [6, 12, 4, 5, 14, 12, 11, 0, 10, 13, 9, 11, 12, 6, 8, 3, 15, 6, 9, 13, 5, 11, 7, 8, 4, 2, 6, 4, 8, 6, 15, 0, 9, 9, 11, 6, 12, 14, 2, 4, 8, 7, 1, 3]
