#usda 1.0
(
    defaultPrim = "R_Hold"
)

def Xform "R_Hold"
{
    token visibility = "inherited"
    matrix4d xformOp:transform = ( (1, 0, 0, 0), (0, 1, 0, 0), (0, 0, 1, 0), (-20, 1.7763568394002505e-15, -1.1102230246251565e-16, 1) )
    uniform token[] xformOpOrder = ["xformOp:transform"]

    def Xform "All_Parent"
    {
        token visibility = "inherited"
        matrix4d xformOp:transform = ( (1, 0, 0, 0), (0, 1, 0, 0), (0, 0, 1, 0), (0, -1.7763568394002505e-15, 1.1102230246251565e-16, 1) )
        uniform token[] xformOpOrder = ["xformOp:transform"]

        def BasisCurves "GlobalSRT"
        {
            int[] curveVertexCounts
            point3f[] points
            token visibility = "inherited"
            uniform token wrap
            matrix4d xformOp:transform = ( (0.9999999999999988, 0, 0, 0), (0, 0.9999999999999998, 0, 0), (0, 0, 0.9999999999999998, 0), (-9.12256994062424e-16, 0, 3.6763603914138865, 1) )
            uniform token[] xformOpOrder = ["xformOp:transform"]

            def Xform "UpperBody"
            {
                token visibility = "inherited"
                matrix4d xformOp:transform = ( (0.9999282068478851, -0.003006511707717792, 0.011599225720904903, 0), (0.0024879363884358994, 0.9990078013968761, 0.04446597486513686, 0), (-0.01172140445937442, -0.044433924376890706, 0.9989435594877062, 0), (0, 10.692985278251877, -0.419164903399882, 1) )
                matrix4d xformOp:transform.timeSamples = {
                    2: ( (0.9998563993424776, -0.015892284723837923, -0.0058835346648523825, 0), (0.016186209599268055, 0.9984187382761078, 0.053833350982020134, 0), (0.005018696315241095, -0.053920852602692346, 0.99853260054036, 0), (0, 10.573251174048783, -0.5343254595654157, 1) ),
                    3: ( (0.9993631546440536, -0.027470781401403885, -0.02277369774722306, 0), (0.028888950026146755, 0.9975008206611882, 0.0644789992683118, 0), (0.020945493698463782, -0.06509584433320179, 0.9976591689270817, 0), (0, 10.433673754093514, -0.6590185476056492, 1) ),
                    4: ( (0.9986510791167658, -0.03611366495754995, -0.03730717601552258, 0), (0.03878482393619717, 0.996537161943553, 0.0735487749573495, 0), (0.0345218714897895, -0.074896515732192, 0.9965935742919577, 0), (0, 10.315941629549078, -0.7722315252892464, 1) ),
                    5: ( (0.9980515034337337, -0.04019555860467372, -0.04772330208736634, 0), (0.04385148597729223, 0.9959720958950589, 0.07820889575992496, 0), (0.04438742695006241, -0.08014924370735949, 0.9957940826606126, 0), (0, 10.261765110950957, -0.8527810844863584, 1) ),
                    6: ( (0.9978729948115912, -0.03895646298295738, -0.05226739153242367, 0), (0.04286619984585484, 0.9961939825475931, 0.0758949144985425, 0), (0.049111863500802294, -0.07797399007248067, 0.9957449883055678, 0), (0, 10.310189307429152, -0.8909554327914576, 1) ),
                    7: ( (0.9981514354671491, -0.0337947855703203, -0.05051360552490469, 0), (0.03717822555895084, 0.9970185601040354, 0.06761486783514055, 0), (0.048077972286249604, -0.06936788360856788, 0.9964319371158828, 0), (0, 10.4474541627546, -0.9021465410698517, 1) ),
                    8: ( (0.9986838185211415, -0.02562845407485796, -0.04442761490069729, 0), (0.02813084588391427, 0.997997899920877, 0.05664668801770087, 0), (0.042886899327034905, -0.0578219170838547, 0.9974053036608842, 0), (0, 10.623166702276473, -0.8922800710795097, 1) ),
                    9: ( (0.9992713813223724, -0.01533041328633011, -0.03495260932388678, 0), (0.01694284658626964, 0.9987833085089175, 0.046312445341773006, 0), (0.03420009385414133, -0.04687089792665481, 0.9983153171758495, 0), (0, 10.786341930422644, -0.866601831660646, 1) ),
                    10: ( (0.9997281715056581, -0.003776868684677619, -0.023006919848000264, 0), (0.004694025270991667, 0.9991909849487605, 0.03994172910480076, 0), (0.022837452237692773, -0.04003886686789098, 0.9989371050848128, 0), (0, 10.886120181665353, -0.8303447365370381, 1) ),
                    11: ( (0.9999215634449046, 0.008145974079444618, -0.009513677742841847, 0), (-0.007754701855182539, 0.9991508946759663, 0.04046423442193472, 0), (0.009835220233164908, -0.040387284812340066, 0.9991356943220736, 0), (0, 10.878726971387845, -0.7836665345188084, 1) ),
                    12: ( (0.99979829161557, 0.019549280857261764, 0.004604530437704689, 0), (-0.019743971212882863, 0.99870339167419, 0.046922394005575095, 0), (-0.0036812611062926326, -0.04700384108169752, 0.9988879252650088, 0), (0, 10.781056446961177, -0.7127875632026477, 1) ),
                    13: ( (0.9993938168578946, 0.029540958123023493, 0.018420928841475337, 0), (-0.03054164712239961, 0.9979272756435575, 0.05664238975959573, 0), (-0.016709476869721126, -0.057170659606138076, 0.9982245784706663, 0), (0, 10.631144033353287, -0.6267865938095523, 1) ),
                    14: ( (0.9988251231627291, 0.037236945590159824, 0.031012630041232957, 0), (-0.03924832044991349, 0.9969810914861755, 0.0669945711300153, 0), (-0.028424332548360923, -0.06813305440202469, 0.99727124906769, 0), (0, 10.465885962308112, -0.5373496447440748, 1) ),
                    15: ( (0.9982674003324921, 0.04175728051337973, 0.04145511979882558, 0), (-0.04479782582009379, 0.9961502851969278, 0.07535093963496328, 0), (-0.03814907908718901, -0.07707748585810423, 0.996294990923167, 0), (0, 10.322322485722859, -0.45620834942569605, 1) ),
                    16: ( (0.9979811430792477, 0.04061101358079973, 0.048830150871958876, 0), (-0.044278150387977715, 0.9960839329150443, 0.07652610003598091, 0), (-0.04553112623752892, -0.07853371355308131, 0.9958711625401675, 0), (0, 10.259687370692097, -0.39504547849090416, 1) ),
                    17: ( (0.9981896439954543, 0.02984878140103836, 0.052215753074157836, 0), (-0.03307242781892036, 0.9975278279930165, 0.062003603908944376, 0), (-0.05023593473192969, -0.06361825703686, 0.9967091191682763, 0), (0, 10.362204760473585, -0.3656101003062107, 1) ),
                    18: ( (0.9983358306405037, 0.02767427726601843, 0.05059351378525971, 0), (-0.030572466922829177, 0.9978808930462253, 0.057437335936831355, 0), (-0.04889676395824416, -0.05888851900898373, 0.9970663211659193, 0), (0, 10.429141350902041, -0.35214904352069865, 1) ),
                    19: ( (0.9988672126795913, 0.02120197787381122, 0.042600088825522686, 0), (-0.02316001900042646, 0.9986725518469844, 0.046008126535777204, 0), (-0.0415680761354659, -0.04694262798002068, 0.9980323064534161, 0), (0, 10.622656451358932, -0.3199907483317384, 1) ),
                    20: ( (0.9994990430234179, 0.010949525571169388, 0.029694627208271054, 0), (-0.012110261769255793, 0.9991581844613061, 0.039195203582411416, 0), (-0.029240460925778602, -0.039535178180360876, 0.9987902508190071, 0), (0, 10.749394525941467, -0.3282550684884157, 1) ),
                    21: ( (0.9999058047459181, -0.0014536834415690995, 0.013648019631785748, 0), (0.0008578214280172675, 0.9990502704040407, 0.043563991415052836, 0), (-0.013698385956583929, -0.043548180330122525, 0.9989574116107851, 0), (0, 10.704045595460176, -0.40700338753572557, 1) ),
                    22: ( (0.9998892853737642, -0.014389186103311464, -0.003790556427151379, 0), (0.014568708761245245, 0.9985098169950224, 0.052591806297148526, 0), (0.0030281545160652516, -0.0526412071276015, 0.9986088992154916, 0), (0, 10.589400683183943, -0.5196549204045752, 1) ),
                    23: ( (0.999439256395337, -0.0262070830433569, -0.020841342910052678, 0), (0.02747793380116, 0.9976206317903539, 0.06323004175417293, 0), (0.01913467872619963, -0.06376726295344641, 0.9977813388941844, 0), (0, 10.450077499049005, -0.6442759865265921, 1) ),
                    24: ( (0.9987374154080495, -0.035289208913055516, -0.035752577506243256, 0), (0.0378155851719142, 0.9966408498543504, 0.07264294817602013, 0), (0.033068967056061965, -0.07390323494874203, 0.996716988558917, 0), (0, 10.327462682595911, -0.760006148828874, 1) ),
                }
                uniform token[] xformOpOrder = ["xformOp:transform"]

                def Xform "RThigh"
                {
                    token visibility = "inherited"
                    matrix4d xformOp:transform = ( (-0.009051468838519578, -0.9009015150534332, 0.43392917750053855, 0), (-0.035483794207499676, -0.43338427895908843, -0.9005103925551058, 0), (0.999329260684638, -0.023548395392034287, -0.02804463966527823, 0), (-0.9957332961985266, -0.6742693918118974, 0.02906331242780491, 1) )
                    matrix4d xformOp:transform.timeSamples = {
                        2: ( (0.009906924072262038, -0.7615260870771867, 0.6480585402232851, 0), (-0.032012903178545056, -0.6479996787120618, -0.7609675357195901, 0), (0.9994383557206055, -0.013207387704366946, -0.030798344509388845, 0), (-0.9957332961985266, -0.6742693918118974, 0.02906331242780491, 1) ),
                        3: ( (0.015301732892343926, -0.6399620338286724, 0.7682541586144266, 0), (-0.0290886086812893, -0.7683038217712072, -0.6394240301214399, 0), (0.99945970895053, -0.012563148873843868, -0.030371985033834308, 0), (-0.9957332961985266, -0.6742693918118974, 0.02906331242780491, 1) ),
                        4: ( (0.011885352815525368, -0.6091037878174497, 0.7930014590496576, 0), (-0.03106343975474047, -0.7928996163744115, -0.6085599897002059, 0), (0.9994467475053657, -0.017400402861610896, -0.028344750505156162, 0), (-0.9957332961985266, -0.6742693918118974, 0.02906331242780491, 1) ),
                        5: ( (0.005628024946899501, -0.6612666233844697, 0.7501298408495017, 0), (-0.03439032653418445, -0.7498259735799548, -0.6607407318954577, 0), (0.9993926309394467, -0.02207854484730991, -0.02696121438949068, 0), (-0.9957332961985266, -0.6742693918118974, 0.02906331242780491, 1) ),
                        6: ( (0.008615965510857351, -0.676903271186902, 0.7360215530776167, 0), (-0.032594554694310135, -0.7358478611495509, -0.6763619742755432, 0), (0.9994315184856817, -0.018162783324766, -0.028403400488361607, 0), (-0.9957332961985266, -0.6742693918118974, 0.02906331242780491, 1) ),
                        7: ( (0.010668894598161647, -0.7294590910609968, 0.6839412322389385, 0), (-0.031074456240703208, -0.6838916751915995, -0.7289215011048669, 0), (0.999460130699268, -0.013476315226799936, -0.02996391280373746, 0), (-0.9957332961985266, -0.6742693918118974, 0.02906331242780491, 1) ),
                        8: ( (0.009506620646250904, -0.8013296175574199, 0.5981475304547929, 0), (-0.031446722752114895, -0.59811827589462, -0.8007906291091317, 0), (0.9994602182138316, -0.011196966827060952, -0.030885273866906236, 0), (-0.9957332961985266, -0.6742693918118974, 0.02906331242780491, 1) ),
                        9: ( (0.004288936097576674, -0.8667224348344885, 0.4987723187805501, 0), (-0.03317913412615897, -0.4986256247652466, -0.8661822160412357, 0), (0.9994402183651553, -0.012833833489776979, -0.03089567335675696, 0), (-0.9957332961985266, -0.6742693918118974, 0.02906331242780491, 1) ),
                        10: ( (-0.005084114015186244, -0.9134879300599934, 0.40683406128222477, 0), (-0.035097754544067244, -0.40642564476130427, -0.9130094977087163, 0), (0.9993709518545377, -0.018920806406348575, -0.029995060831551672, 0), (-0.9957332961985266, -0.6742693918118974, 0.02906331242780491, 1) ),
                        11: ( (-0.018121255069934887, -0.9446367416287378, 0.3276172255540476, 0), (-0.03626986093694633, -0.3268342908578109, -0.9443854316469978, 0), (0.9991777205794297, -0.02899608050259929, -0.028339195704568734, 0), (-0.9957332961985266, -0.6742693918118974, 0.02906331242780491, 1) ),
                        12: ( (-0.034339660158284414, -0.9683778474051066, 0.24711360220608194, 0), (-0.03564809066693535, -0.24591525558549174, -0.9686355871544904, 0), (0.9987742494538071, -0.042071744976580894, -0.026076174999605482, 0), (-0.9957332961985266, -0.6742693918118974, 0.02906331242780491, 1) ),
                        13: ( (-0.052921421077832015, -0.9874293624231695, 0.14893816641705943, 0), (-0.03152355700503347, -0.14742090964593046, -0.9885713635104533, 0), (0.9981009911551302, -0.057011662173096576, -0.023325561759741324, 0), (-0.9957332961985266, -0.6742693918118974, 0.02906331242780491, 1) ),
                        14: ( (-0.0714237898235739, -0.9964294105081658, 0.045023017686369925, 0), (-0.02358267052792169, -0.04343872512349028, -0.9987777204215247, 0), (0.9971672376778177, -0.07239825297612568, -0.020395908118921134, 0), (-0.9957332961985266, -0.6742693918118974, 0.02906331242780491, 1) ),
                        15: ( (-0.08694441194573883, -0.9950510850719751, -0.04810413005652037, 0), (-0.013364976618468024, 0.04944770577192017, -0.9986872892922396, 0), (0.9961235097272816, -0.08618736851174058, -0.017598036186573695, 0), (-0.9957332961985266, -0.6742693918118974, 0.02906331242780491, 1) ),
                        16: ( (-0.09540502680227361, -0.9745337931635897, -0.20293291217307075, 0), (0.004496890922364272, 0.2034388038195177, -0.9790773366146905, 0), (0.9954283795597199, -0.09432146671182323, -0.015026712363008997, 0), (-0.9957332961985266, -0.6742693918118974, 0.02906331242780491, 1) ),
                        17: ( (-0.08956532439919496, -0.9655959510330572, -0.24413625706525602, 0), (0.007495860476641438, 0.2444609562593855, -0.9696301629696042, 0), (0.995952742222733, -0.08867525141386752, -0.014657252324555574, 0), (-0.9957332961985266, -0.6742693918118974, 0.02906331242780491, 1) ),
                        18: ( (-0.08903401669432612, -0.9843973685080628, -0.1517720815752213, 0), (-0.000907153529954012, 0.15245731411110616, -0.9883096399643689, 0), (0.9960281727660859, -0.08785549640420164, -0.014466886597459873, 0), (-0.9957332961985266, -0.6742693918118974, 0.02906331242780491, 1) ),
                        19: ( (-0.0717620046769699, -0.9972137125079501, -0.020372193570010595, 0), (-0.01586584026823641, 0.021563538494154433, -0.9996415802277304, 0), (0.9972955879764661, -0.07141306178650059, -0.017369076226215696, 0), (-0.9957332961985266, -0.6742693918118974, 0.02906331242780491, 1) ),
                        20: ( (-0.042574081982413255, -0.9845457261818131, 0.16987395503867256, 0), (-0.029980733766603665, -0.16869258868397283, -0.9852126502059928, 0), (0.9986433813660263, -0.04703746995987501, -0.022335471197247436, 0), (-0.9957332961985266, -0.6742693918118974, 0.02906331242780491, 1) ),
                        21: ( (-0.01222636320018783, -0.9144024666154627, 0.40462160729557556, 0), (-0.0354909276586214, -0.4040000421506447, -0.9140702161192038, 0), (0.999295206681603, -0.025536150646389956, -0.02751354054528938, 0), (-0.9957332961985266, -0.6742693918118974, 0.02906331242780491, 1) ),
                        22: ( (0.008408782230518918, -0.7791819235325056, 0.6267414318693032, 0), (-0.03257507019237054, -0.626644384507419, -0.7786242226949276, 0), (0.9994339183674735, -0.013868864607560656, -0.030651222016998107, 0), (-0.9957332961985266, -0.6742693918118974, 0.02906331242780491, 1) ),
                        23: ( (0.015231129984763775, -0.6505454208901149, 0.759314604125517, 0), (-0.029180482748683626, -0.7593684384345346, -0.6500062108442121, 0), (0.9994581092301673, -0.012256837618236222, -0.030549268823642606, 0), (-0.9957332961985266, -0.6742693918118974, 0.02906331242780491, 1) ),
                        24: ( (0.01258732364170393, -0.6073296672667802, 0.7943501964128675, 0), (-0.03062533084741166, -0.7942745989683546, -0.6067865774258245, 0), (0.9994516738662382, -0.016689418542349815, -0.02859746343109286, 0), (-0.9957332961985266, -0.6742693918118974, 0.02906331242780491, 1) ),
                    }
                    uniform token[] xformOpOrder = ["xformOp:transform"]

                    def Xform "RShin"
                    {
                        token visibility = "inherited"
                        matrix4d xformOp:transform = ( (0.08356021044996266, 0.9965027301666353, -7.13026397496552e-17, 0), (-0.9965027301666353, 0.08356021044996266, -1.1082496353386482e-17, 0), (-5.085674290092347e-18, 7.197933090621938e-17, 1, 0), (5.454091548919658, -2.7755575615628914e-16, 3.552713678800501e-15, 1) )
                        matrix4d xformOp:transform.timeSamples = {
                            2: ( (0.09847968750426565, 0.9951390612115787, 7.38437592595047e-17, 0), (-0.9951390612115787, 0.09847968750426565, 8.214794538457815e-17, 0), (7.447651891445289e-17, -8.157471325642806e-17, 1, 0), (5.454091548919658, -2.7755575615628914e-16, 3.552713678800501e-15, 1) ),
                            3: ( (0.2688268313804667, 0.9631885250198624, -1.630553759911284e-16, 0), (-0.9631885250198624, 0.2688268313804667, -4.1446225948213325e-17, 0), (3.913130828546133e-18, 1.681949246917911e-16, 1, 0), (5.454091548919658, -2.7755575615628914e-16, 3.552713678800501e-15, 1) ),
                            4: ( (0.545632959265962, 0.8380242680034207, -1.494600808266962e-16, 0), (-0.8380242680034207, 0.545632959265962, -4.530474934426077e-17, 0), (4.3583866787297536e-17, 1.4997093928403584e-16, 1, 0), (5.454091548919658, -2.7755575615628914e-16, 3.552713678800501e-15, 1) ),
                            5: ( (0.7741236483217038, 0.633034420161412, -7.454862332927276e-17, 0), (-0.633034420161412, 0.7741236483217038, -3.099972876101912e-17, 0), (3.808595694762432e-17, 7.118946766854106e-17, 1, 0), (5.454091548919658, -2.7755575615628914e-16, 3.552713678800501e-15, 1) ),
                            6: ( (0.6799977592857135, 0.7332141892833286, -1.0083413245734974e-16, 0), (-0.7332141892833286, 0.6799977592857135, 4.4018643731739795e-17, 0), (1.0084207830763593e-16, 4.400043757742429e-17, 1, 0), (5.454091548919658, -2.7755575615628914e-16, 3.552713678800501e-15, 1) ),
                            7: ( (0.6128977534980368, 0.7901622262276651, -5.648110392589648e-17, 0), (-0.7901622262276651, 0.6128977534980368, 2.8534297531701924e-17, 0), (5.716386577276326e-17, 2.714062796305779e-17, 1, 0), (5.454091548919658, -2.7755575615628914e-16, 3.552713678800501e-15, 1) ),
                            8: ( (0.5951458892927619, 0.8036176767953326, -5.014872025620774e-17, 0), (-0.8036176767953326, 0.5951458892927619, 2.523901133792396e-17, 0), (5.012832036976821e-17, 2.527950421897384e-17, 1, 0), (5.454091548919658, -2.7755575615628914e-16, 3.552713678800501e-15, 1) ),
                            9: ( (0.5956169369328104, 0.8032686128803843, 5.905213703126139e-17, 0), (-0.8032686128803843, 0.5956169369328104, 4.3955048757558484e-17, 0), (1.3525806667716922e-19, -7.361509970443303e-17, 1, 0), (5.454091548919658, -2.7755575615628914e-16, 3.552713678800501e-15, 1) ),
                            10: ( (0.5854285471510774, 0.8107240074036162, 4.9186537425853206e-17, 0), (-0.8107240074036162, 0.5854285471510774, 9.935317097196107e-17, 0), (5.175279777403557e-17, -9.804088926916341e-17, 1, 0), (5.454091548919658, -2.7755575615628914e-16, 3.552713678800501e-15, 1) ),
                            11: ( (0.5594766767623245, 0.8288460943739709, -3.0754218089903935e-17, 0), (-0.8288460943739709, 0.5594766767623245, -4.964948525378721e-17, 0), (-2.394551420691638e-17, 5.32682425620911e-17, 1, 0), (5.454091548919658, -2.7755575615628914e-16, 3.552713678800501e-15, 1) ),
                            12: ( (0.5377481332279459, 0.8431055362229922, 5.406496534788087e-18, 0), (-0.8431055362229922, 0.5377481332279459, 1.2342961257339563e-16, 0), (1.0115685627560326e-16, -7.093229090644236e-17, 1, 0), (5.454091548919658, -2.7755575615628914e-16, 3.552713678800501e-15, 1) ),
                            13: ( (0.5465822703035865, 0.8374054106523178, -5.742233981115602e-17, 0), (-0.8374054106523178, 0.5465822703035865, 3.0884969614067355e-17, 0), (5.724927352277811e-17, 3.120460124026382e-17, 1, 0), (5.454091548919658, -2.7755575615628914e-16, 3.552713678800501e-15, 1) ),
                            14: ( (0.5801470724918976, 0.8145117398043327, -4.924055431121579e-17, 0), (-0.8145117398043327, 0.5801470724918976, 2.3343384240441855e-17, 0), (4.758022394213346e-17, 2.6564413531812263e-17, 1, 0), (5.454091548919658, -2.7755575615628914e-16, 3.552713678800501e-15, 1) ),
                            15: ( (0.6093112175808224, 0.7929311698566123, -1.8806344749397425e-17, 0), (-0.7929311698566123, 0.6093112175808224, 1.3937699707103057e-17, 0), (2.251055335136344e-17, 6.419740164055622e-18, 1, 0), (5.454091548919658, -2.7755575615628914e-16, 3.552713678800501e-15, 1) ),
                            16: ( (0.7210825243906591, 0.692849184901299, 1.3251003137971492e-16, 0), (-0.692849184901299, 0.7210825243906591, -5.075337638533283e-17, 0), (-1.3071510339393696e-16, -5.521209446739596e-17, 1, 0), (5.454091548919658, -2.7755575615628914e-16, 3.552713678800501e-15, 1) ),
                            17: ( (0.7098108725916124, 0.7043923091223625, -1.0677044913267727e-18, 0), (-0.7043923091223625, 0.7098108725916124, 6.67443478709192e-17, 0), (4.7772073574321657e-17, -4.6623780970709303e-17, 1, 0), (5.454091548919658, -2.7755575615628914e-16, 3.552713678800501e-15, 1) ),
                            18: ( (0.5216087732076224, 0.8531847910698123, -2.3531667262898653e-17, 0), (-0.8531847910698123, 0.5216087732076224, 5.3661123886951616e-17, 0), (5.805717886459067e-17, -7.913252382394547e-18, 1, 0), (5.454091548919658, -2.7755575615628914e-16, 3.552713678800501e-15, 1) ),
                            19: ( (0.35735932889915223, 0.9339669748169619, -7.73528477725083e-18, 0), (-0.9339669748169619, 0.35735932889915223, 1.6087118557466424e-17, 0), (1.7789113629480907e-17, 1.4756186311393559e-18, 1, 0), (5.454091548919658, -2.7755575615628914e-16, 3.552713678800501e-15, 1) ),
                            20: ( (0.2031193955589369, 0.9791539772414614, -5.1761033490199564e-17, 0), (-0.9791539772414614, 0.2031193955589369, 1.1691273468222694e-16, 0), (1.2498923899031348e-16, 2.6934777806261087e-17, 1, 0), (5.454091548919658, -2.7755575615628914e-16, 3.552713678800501e-15, 1) ),
                            21: ( (0.09133331875018362, 0.9958203778222644, -1.2592849518409258e-16, 0), (-0.9958203778222644, 0.09133331875018362, -2.04226264018968e-17, 0), (-8.835800149280134e-18, 1.2726742789969264e-16, 1, 0), (5.454091548919658, -2.7755575615628914e-16, 3.552713678800501e-15, 1) ),
                            22: ( (0.0884736921118554, 0.9960785138753353, 5.872916194637119e-18, 0), (-0.9960785138753353, 0.0884736921118554, 6.152750058431882e-17, 0), (6.076662276528906e-17, -1.1293450778377558e-17, 1, 0), (5.454091548919658, -2.7755575615628914e-16, 3.552713678800501e-15, 1) ),
                            23: ( (0.24106587708487198, 0.9705087546773091, -1.6939149958171363e-16, 0), (-0.9705087546773091, 0.24106587708487198, -2.7667517462543977e-17, 0), (1.3982942499801264e-17, 1.7106562767584e-16, 1, 0), (5.454091548919658, -2.7755575615628914e-16, 3.552713678800501e-15, 1) ),
                            24: ( (0.510434661038761, 0.8599165406074273, -8.195694552937882e-17, 0), (-0.8599165406074273, 0.510434661038761, -5.538991494472265e-17, 0), (-5.797038332744862e-18, 9.87490655381501e-17, 1, 0), (5.454091548919658, -2.7755575615628914e-16, 3.552713678800501e-15, 1) ),
                        }
                        uniform token[] xformOpOrder = ["xformOp:transform"]

                        def Xform "RFoot"
                        {
                            token visibility = "inherited"
                            matrix4d xformOp:transform = ( (0.029554767964824903, -0.9995101439846361, 0.010295035811368905, 0), (0.9981886366887617, 0.030052512232158265, 0.052118059192253, 0), (-0.05240192053710025, 0.00873605061500826, 0.9985878630063934, 0), (4.5474696159317896, 2.617905892066119e-13, -4.689582056016661e-13, 1) )
                            matrix4d xformOp:transform.timeSamples = {
                                2: ( (-0.1956845354244008, -0.9804014352338488, -0.02281640609617772, 0), (0.9782192662724697, -0.1967860797856032, 0.06604775466255564, 0), (-0.06924326457560584, -0.00939492384341067, 0.9975555652277668, 0), (4.5474696159317896, 2.617905892066119e-13, -4.689582056016661e-13, 1) ),
                                3: ( (-0.15080419954049995, -0.9873829456752964, -0.04830126282535272, 0), (0.9853682243838175, -0.1540625702712155, 0.07289846923022021, 0), (-0.07942012198197414, -0.03660113428572277, 0.9961690625558329, 0), (4.5474696159317896, 2.617905892066119e-13, -4.689582056016661e-13, 1) ),
                                4: ( (0.2278533524452729, -0.9722685377595763, -0.05269478401422267, 0), (0.9705763295189407, 0.2224623125218753, 0.09215263471523738, 0), (-0.0778745038956315, -0.07214159680984907, 0.9943496123862745, 0), (4.5474696159317896, 2.617905892066119e-13, -4.689582056016661e-13, 1) ),
                                5: ( (0.582187811588335, -0.8118698399065639, -0.04387157494409744, 0), (0.8104162850605502, 0.57511024864566, 0.11168548164996255, 0), (-0.06544308173246599, -0.10057616493393182, 0.9927747166908212, 0), (4.5474696159317896, 2.617905892066119e-13, -4.689582056016661e-13, 1) ),
                                6: ( (0.4679688594942368, -0.8823688143571458, -0.04929931027537991, 0), (0.8805229228389778, 0.460777445825608, 0.11119140152697275, 0), (-0.07539581486241057, -0.09544328613576636, 0.9925754632433946, 0), (4.5474696159317896, 2.617905892066119e-13, -4.689582056016661e-13, 1) ),
                                7: ( (0.32731553705905236, -0.9433775996344966, -0.05388175672339915, 0), (0.9415603440578667, 0.3208219868065247, 0.10265169886146965, 0), (-0.07955286102570969, -0.08433242134179203, 0.9932569582002709, 0), (4.5474696159317896, 2.617905892066119e-13, -4.689582056016661e-13, 1) ),
                                8: ( (0.20877758701869337, -0.9764340907219127, -0.05466612877023221, 0), (0.9748519715356838, 0.20333282866496122, 0.0912107141738061, 0), (-0.0779458321633823, -0.0723341362233434, 0.9943300357452654, 0), (4.5474696159317896, 2.617905892066119e-13, -4.689582056016661e-13, 1) ),
                                9: ( (0.13484167917986808, -0.9896556960211563, -0.04898290404655478, 0), (0.9881731511253167, 0.13066781314018988, 0.08024802803946263, 0), (-0.07301742909070058, -0.05922436949466734, 0.9955706550049291, 0), (4.5474696159317896, 2.617905892066119e-13, -4.689582056016661e-13, 1) ),
                                10: ( (0.10983376795976382, -0.9932661604710483, -0.03686296079891436, 0), (0.9917202321566573, 0.10702918417087325, 0.07096291191082152, 0), (-0.06653964642907623, -0.044351868042043434, 0.9967975658348462, 0), (4.5474696159317896, 2.617905892066119e-13, -4.689582056016661e-13, 1) ),
                                11: ( (0.10466714114846028, -0.9942785332006271, -0.021330447257799718, 0), (0.9927389573422538, 0.10317851462771682, 0.061834914847785756, 0), (-0.05928028457103746, -0.027647649730628242, 0.9978584345114037, 0), (4.5474696159317896, 2.617905892066119e-13, -4.689582056016661e-13, 1) ),
                                12: ( (0.10498972210108547, -0.994461755337473, -0.004793268639329297, 0), (0.993163439157334, 0.10460291517065373, 0.051813253699971785, 0), (-0.051024909351349845, -0.010200358273754356, 0.9986452880361344, 0), (4.5474696159317896, 2.617905892066119e-13, -4.689582056016661e-13, 1) ),
                                13: ( (0.1038271568557519, -0.9945315525612864, 0.01126554300902312, 0), (0.9937015260276245, 0.10420728935473982, 0.04120822752446044, 0), (-0.04215683419827992, 0.006916054176666444, 0.9990870680401204, 0), (4.5474696159317896, 2.617905892066119e-13, -4.689582056016661e-13, 1) ),
                                14: ( (0.08559928804003956, -0.9959844588304625, 0.02622440953061187, 0), (0.9957492230093844, 0.08641808920042575, 0.031865321827259124, 0), (-0.03400362867762611, 0.02338528655240655, 0.9991480779191921, 0), (4.5474696159317896, 2.617905892066119e-13, -4.689582056016661e-13, 1) ),
                                15: ( (0.07321128231250312, -0.9964829236558298, 0.040766297409609555, 0), (0.9969445328616962, 0.07423903910509848, 0.024293280345111353, 0), (-0.027234289771049344, 0.03886319512188144, 0.9988733380792507, 0), (4.5474696159317896, 2.617905892066119e-13, -4.689582056016661e-13, 1) ),
                                16: ( (-0.07482669060285624, -0.9958414104891126, 0.05196971741773679, 0), (0.9968683457378058, -0.07336340576987942, 0.029517993831125983, 0), (-0.025582565144934025, 0.05401570002229919, 0.9982123203565993, 0), (4.5474696159317896, 2.617905892066119e-13, -4.689582056016661e-13, 1) ),
                                17: ( (-0.22102027135601307, -0.9735415799017081, 0.05802440738344772, 0), (0.9749988263522426, -0.21916669438639927, 0.03665035720819151, 0), (-0.0229636291004647, 0.06467420099409522, 0.9976421800747558, 0), (4.5474696159317896, 2.617905892066119e-13, -4.689582056016661e-13, 1) ),
                                18: ( (-0.26568763858091154, -0.9621663807079356, 0.06038157451318133, 0), (0.9639340764518813, -0.26412265890854125, 0.032715704270899024, 0), (-0.015529808761136403, 0.06689601547532051, 0.997639087121875, 0), (4.5474696159317896, 2.617905892066119e-13, -4.689582056016661e-13, 1) ),
                                19: ( (-0.008630160652056124, -0.9986858265246671, 0.050518711640959196, 0), (0.999773340835454, -0.007634215866330905, 0.019874247226534407, 0), (-0.01946245826803108, 0.05067877905838839, 0.9985253497389619, 0), (4.5474696159317896, 2.617905892066119e-13, -4.689582056016661e-13, 1) ),
                                20: ( (0.1915312696352516, -0.9808916632908636, 0.034166030474604, 0), (0.980967522645906, 0.1924458635197614, 0.025832327190702345, 0), (-0.031913825622489476, 0.028568067848848362, 0.9990822654984528, 0), (4.5474696159317896, 2.617905892066119e-13, -4.689582056016661e-13, 1) ),
                                21: ( (0.06020322564770597, -0.9980923357550812, 0.013684331499115354, 0), (0.9969270305722654, 0.06080999575341164, 0.04938258934923539, 0), (-0.05012052808956183, 0.010669288797119567, 0.9986861864172284, 0), (4.5474696159317896, 2.617905892066119e-13, -4.689582056016661e-13, 1) ),
                                22: ( (-0.17755675966546128, -0.9839310598269926, -0.0187953878606614, 0), (0.9817936551043697, -0.1784162067454434, 0.06518340254519726, 0), (-0.067489376155834, -0.006879438806928449, 0.9976962751397833, 0), (4.5474696159317896, 2.617905892066119e-13, -4.689582056016661e-13, 1) ),
                                23: ( (-0.17893526032407508, -0.9827660096886502, -0.04640196993019999, 0), (0.9807097665672045, -0.18193535243310313, 0.07146944308403222, 0), (-0.07867989814720563, -0.0327184616950469, 0.9963628736017089, 0), (4.5474696159317896, 2.617905892066119e-13, -4.689582056016661e-13, 1) ),
                                24: ( (0.17521559003762843, -0.9830949826755015, -0.053138988003357826, 0), (0.9813651477383065, 0.17007342112172452, 0.08942862088014306, 0), (-0.0788792990101809, -0.067818039386345, 0.9945746677456926, 0), (4.5474696159317896, 2.617905892066119e-13, -4.689582056016661e-13, 1) ),
                            }
                            uniform token[] xformOpOrder = ["xformOp:transform"]

                            def Xform "RToe"
                            {
                                token visibility = "inherited"
                                matrix4d xformOp:transform = ( (0.9273733327269346, -0.3740435674603042, 0.008373254355816883, 0), (0.3735086326977675, 0.9242863990701077, -0.07865083466981114, 0), (0.02167955366659066, 0.07606616945516968, 0.9968670597513165, 0), (1.6543456315994252, -6.661338147750939e-16, 3.552713678800501e-15, 1) )
                                matrix4d xformOp:transform.timeSamples = {
                                    2: ( (0.9273733327275738, -0.3740435674568243, 0.00837325444046569, 0), (0.37350863267430545, 0.924286398976169, -0.07865083588517581, 0), (0.02167955404346313, 0.07606617061373734, 0.9968670596547157, 0), (1.6543456315994252, -6.661338147750939e-16, 3.552713678800501e-15, 1) ),
                                    3: ( (0.9273733327275879, -0.3740435674495787, 0.008373254762579501, 0), (0.3735086326774556, 0.9242863989196264, -0.07865083653469271, 0), (0.021679553988588906, 0.07606617133642178, 0.9968670596007644, 0), (1.6543456315994252, -6.661338147750939e-16, 3.552713678800501e-15, 1) ),
                                    4: ( (0.9273733327278928, -0.3740435674502226, 0.008373254700039811, 0), (0.3735086326754818, 0.9242863989287999, -0.07865083643626038, 0), (0.021679554009549344, 0.07606617122178659, 0.9968670596090558, 0), (1.6543456315994252, -6.661338147750939e-16, 3.552713678800501e-15, 1) ),
                                    5: ( (0.927373332728196, -0.37404356745352624, 0.008373254518887716, 0), (0.37350863267258794, 0.9242863989596685, -0.0786508360872426, 0), (0.021679554046439273, 0.07606617083045455, 0.9968670596381142, 0), (1.6543456315994252, -6.661338147750939e-16, 3.552713678800501e-15, 1) ),
                                    6: ( (0.9273733327280226, -0.3740435674544317, 0.008373254497648707, 0), (0.3735086326729618, 0.9242863989637693, -0.07865083603727545, 0), (0.021679554047417178, 0.07606617077617288, 0.996867059642235, 0), (1.6543456315994252, -6.661338147750939e-16, 3.552713678800501e-15, 1) ),
                                    7: ( (0.9273733327277506, -0.37404356745511186, 0.008373254497383449, 0), (0.37350863267360457, 0.9242863989634512, -0.07865083603796046, 0), (0.021679554047974732, 0.07606617077669306, 0.9968670596421831, 0), (1.6543456315994252, -6.661338147750939e-16, 3.552713678800501e-15, 1) ),
                                    8: ( (0.9273939121507945, -0.3739925522003615, 0.00837272980003893, 0), (0.37345771942916106, 0.9243068624484401, -0.0786521190400518, 0), (0.021676335124153075, 0.07606835695202274, 0.9968669628221235, 0), (1.6543456315994252, -6.661338147750939e-16, 3.552713678800501e-15, 1) ),
                                    9: ( (0.9145534379006368, -0.4043719651735922, 0.008678882749133865, 0), (0.4037765219494332, 0.9115347326405182, -0.07790347561179814, 0), (0.023590878460645687, 0.07475122053603062, 0.996923129173874, 0), (1.6543456315994252, -6.661338147750939e-16, 3.552713678800501e-15, 1) ),
                                    10: ( (0.877175015922324, -0.48007912584695545, 0.009382130232187185, 0), (0.47933189919540947, 0.8743208767570312, -0.07618356043490064, 0), (0.028371144767041254, 0.07132347014019627, 0.9970496681468622, 0), (1.6543456315994252, -6.661338147750939e-16, 3.552713678800501e-15, 1) ),
                                    11: ( (0.8176337457543268, -0.5756486407895902, 0.01018332759200441, 0), (0.5747084525814395, 0.8149853010773933, -0.07422367249899382, 0), (0.034427493884918045, 0.06654022381152547, 0.9971896240334213, 0), (1.6543456315994252, -6.661338147750939e-16, 3.552713678800501e-15, 1) ),
                                    12: ( (0.7444366448710384, -0.6676040520775774, 0.010904651427285904, 0), (0.6664768534576291, 0.7419961776607725, -0.07245878926687294, 0), (0.040282571645430414, 0.06120867574455825, 0.9973117929891475, 0), (1.6543456315994252, -6.661338147750939e-16, 3.552713678800501e-15, 1) ),
                                    13: ( (0.6746510066776265, -0.7380480306378986, 0.011450923996984446, 0), (0.736776557927892, 0.6723852834116406, -0.07112196805049276, 0), (0.04479199567772017, 0.05641927970975102, 0.9974018959277349, 0), (1.6543456315994252, -6.661338147750939e-16, 3.552713678800501e-15, 1) ),
                                    14: ( (0.6310823967171363, -0.7756268220210554, 0.011749106998974766, 0), (0.7742779443519092, 0.6289186007841094, -0.07039217625517628, 0), (0.047208828029690376, 0.053520337716388554, 0.9974501992614904, 0), (1.6543456315994252, -6.661338147750939e-16, 3.552713678800501e-15, 1) ),
                                    15: ( (0.6745897721304002, -0.7381039912458414, 0.011451525837797977, 0), (0.7368324307002273, 0.672324210719251, -0.07112049457878604, 0), (0.04479518283755157, 0.056415013849995775, 0.9974019940860631, 0), (1.6543456315994252, -6.661338147750939e-16, 3.552713678800501e-15, 1) ),
                                    16: ( (0.8447410125038017, -0.5350846245513929, 0.009852226283769474, 0), (0.5342265072841819, 0.8420047434526211, -0.07503366523254593, 0), (0.03185373932516926, 0.06864733477696373, 0.9971323295927295, 0), (1.6543456315994252, -6.661338147750939e-16, 3.552713678800501e-15, 1) ),
                                    17: ( (0.9266183716386852, -0.37590944800876747, 0.008395251003703847, 0), (0.3753711491726335, 0.9235361411606146, -0.07859705044706132, 0), (0.021792056132636645, 0.07598080591771257, 0.996871116755625, 0), (1.6543456315994252, -6.661338147750939e-16, 3.552713678800501e-15, 1) ),
                                    18: ( (0.9273733327263863, -0.3740435674625555, 0.008373254315959434, 0), (0.373508632688948, 0.9242863990422441, -0.07865083503914022, 0), (0.021679553841985895, 0.07606616978267154, 0.996867059722512, 0), (1.6543456315994252, -6.661338147750939e-16, 3.552713678800501e-15, 1) ),
                                    19: ( (0.9273733327261154, -0.37404356746023104, 0.00837325444980639, 0), (0.3735086327128965, 0.9242863990955071, -0.07865083429947488, 0), (0.021679553440977106, 0.07606616914689784, 0.9968670597797458, 0), (1.6543456315994252, -6.661338147750939e-16, 3.552713678800501e-15, 1) ),
                                    20: ( (0.9273733327260049, -0.374043567456835, 0.008373254613752726, 0), (0.3735086327302129, 0.9242863991207223, -0.07865083392091632, 0), (0.021679553147368105, 0.07606616885720441, 0.9968670598082362, 0), (1.6543456315994252, -6.661338147750939e-16, 3.552713678800501e-15, 1) ),
                                    21: ( (0.9273733327268099, -0.37404356745999245, 0.008373254383557713, 0), (0.37350863270248685, 0.9242863990796272, -0.07865083453552778, 0), (0.021679553590618128, 0.07606616934103001, 0.9968670597616782, 0), (1.6543456315994252, -6.661338147750939e-16, 3.552713678800501e-15, 1) ),
                                    22: ( (0.927373332727545, -0.37404356745775114, 0.008373254402267924, 0), (0.3735086326752183, 0.9242863989871242, -0.07865083575209779, 0), (0.021679554028972987, 0.07606617047606251, 0.9968670596655361, 0), (1.6543456315994252, -6.661338147750939e-16, 3.552713678800501e-15, 1) ),
                                    23: ( (0.9273733327275774, -0.3740435674500134, 0.008373254744320782, 0), (0.3735086326770775, 0.9242863989220379, -0.07865083650814834, 0), (0.021679553995550438, 0.07606617130498146, 0.996867059603012, 0), (1.6543456315994252, -6.661338147750939e-16, 3.552713678800501e-15, 1) ),
                                    24: ( (0.9273733327278445, -0.37404356744987605, 0.00837325472087221, 0), (0.3735086326760017, 0.9242863989257764, -0.0786508364693238, 0), (0.02167955400265946, 0.07606617126023037, 0.9968670596062722, 0), (1.6543456315994252, -6.661338147750939e-16, 3.552713678800501e-15, 1) ),
                                }
                                uniform token[] xformOpOrder = ["xformOp:transform"]

                                def Mesh "Foot_R_3"
                                {
                                    float3[] extent = [(-0.8635474, -0.6318643, -0.64690524), (0.854573, 0.3742461, 0.7149217)]
                                    int[] faceVertexCounts = [3, 4, 4, 3, 4, 4, 4, 3, 4, 3, 4, 4]
                                    int[] faceVertexIndices = [6, 12, 4, 5, 14, 12, 11, 0, 10, 13, 9, 11, 12, 6, 8, 3, 15, 6, 9, 13, 5, 11, 7, 8, 4, 2, 6, 4, 8, 6, 15, 0, 9, 9, 11, 6, 12, 14, 2, 4, 8, 7, 1, 3]
