#usda 1.0
(
    defaultPrim = "R_Shield"
)

def Xform "R_Shield"
{
    token visibility = "inherited"
    matrix4d xformOp:transform = ( (1, 0, 0, 0), (0, 1, 0, 0), (0, 0, 1, 0), (-40, 1.7763568394002505e-15, -1.1102230246251565e-16, 1) )
    uniform token[] xformOpOrder = ["xformOp:transform"]

    def Xform "All_Parent"
    {
        token visibility = "inherited"
        matrix4d xformOp:transform = ( (1, 0, 0, 0), (0, 1, 0, 0), (0, 0, 1, 0), (0, -1.7763568394002505e-15, 1.1102230246251565e-16, 1) )
        uniform token[] xformOpOrder = ["xformOp:transform"]

        def BasisCurves "GlobalSRT"
        {
            int[] curveVertexCounts
            point3f[] points
            token visibility = "inherited"
            uniform token wrap
            matrix4d xformOp:transform = ( (0.9999999999999988, 0, 0, 0), (0, 0.9999999999999998, 0, 0), (0, 0, 0.9999999999999998, 0), (-9.12256994062424e-16, 0, 0.14396983814983225, 1) )
            uniform token[] xformOpOrder = ["xformOp:transform"]

            def Xform "UpperBody"
            {
                token visibility = "inherited"
                matrix4d xformOp:transform = ( (0.9982172803743555, 0.028974281752584232, 0.052179997690179676, 0), (-0.032125673797949617, 0.9976447199379715, 0.06060489966095461, 0), (-0.0503011157436197, -0.06217317570149129, 0.9967970174404308, 0), (0, 10.37636414815428, -0.36319215641778263, 1) )
                matrix4d xformOp:transform.timeSamples = {
                    2: ( (0.9985754292018407, 0.024904972497663245, 0.047189559642469014, 0), (-0.027345637122580268, 0.9982829562422176, 0.051801113951910005, 0), (-0.045818427785331774, -0.05301774817161932, 0.9975418738349238, 0), (0, 10.523836905728265, -0.33446930960381527, 1) ),
                    3: ( (0.9992031091544937, 0.01628129051945693, 0.03644264308490927, 0), (-0.017774102879467523, 0.999000164619548, 0.04102136464022482, 0), (-0.035738325685783716, -0.041636410377663746, 0.9984934558664067, 0), (0, 10.71079697212091, -0.31497819475973, 1) ),
                    4: ( (0.99975348704442, 0.0047158764850690794, 0.021696212837734208, 0), (-0.005594919252542433, 0.9991583797112319, 0.0406353187680753, 0), (-0.021486321720578887, -0.04074669019445795, 0.9989384591740958, 0), (0, 10.7381273134819, -0.3631013218319134, 1) ),
                    5: ( (0.9999555590018404, -0.008165997704497864, 0.004711316462197758, 0), (0.007931339842652525, 0.998823392127829, 0.04784271299328098, 0), (-0.005096456574640129, -0.04780321976339292, 0.9988437707222465, 0), (0, 10.650567676693178, -0.4623278160419131, 1) ),
                    6: ( (0.9997038387268441, -0.020729611224270007, -0.012748256873107277, 0), (0.021436384981534554, 0.9980829130781145, 0.058060141408961666, 0), (0.011520253197545089, -0.0583162227857378, 0.9982316874985829, 0), (0, 10.517969311054046, -0.5837864365656591, 1) ),
                    7: ( (0.9990905192656181, -0.031338082156670194, -0.028914683472233495, 0), (0.033255879694146825, 0.9971021210956142, 0.06842080511361676, 0), (0.026686715409096274, -0.06932016094448196, 0.9972374514163138, 0), (0, 10.382072366122937, -0.7064384138668455, 1) ),
                    8: ( (0.9983794355109386, -0.03837000181309603, -0.04202672613614881, 0), (0.04149032591763206, 0.9962380460989704, 0.07608093296059504, 0), (0.03894939799417335, -0.0777013414669843, 0.9962155619794958, 0), (0, 10.284539910701984, -0.8092839800334232, 1) ),
                    9: ( (0.9979210589335687, -0.04026131753444477, -0.05032480946109236, 0), (0.044125683899202225, 0.9959609174480285, 0.0781970263917296, 0), (0.046973228091459984, -0.08025507601685877, 0.9956669315670758, 0), (0, 10.267446877335377, -0.8719368573605274, 1) ),
                    10: ( (0.9979409498531918, -0.03732529505749611, -0.05216016636265544, 0), (0.041093571979730174, 0.996474342892079, 0.07314507707116139, 0), (0.04924610591768421, -0.07513791524037822, 0.9959563819491665, 0), (0, 10.35675791605064, -0.8982445066253083, 1) ),
                    11: ( (0.9983428832145025, -0.03086871186684437, -0.048565524424595975, 0), (0.03392429075772603, 0.9974111495588828, 0.06340458368456618, 0), (0.046482577720470174, -0.06494706585604644, 0.9968055219575936, 0), (0, 10.515337468352135, -0.9004634378710279, 1) ),
                    12: ( (0.9989212713796328, -0.02175251719307537, -0.04102586478141522, 0), (0.023887495967775244, 0.9983462798319693, 0.05228855593776346, 0), (0.03982061176937801, -0.05321215595549627, 0.9977889482936161, 0), (0, 10.692192465332875, -0.8837002977927252, 1) ),
                    13: ( (0.9994770236626246, -0.010851776778455025, -0.030461748328875198, 0), (0.012160967174523892, 0.9989955727370179, 0.04312721332543349, 0), (0.02996314482629116, -0.043475103134873405, 0.9986050897925218, 0), (0, 10.836308352909674, -0.8532039364841625, 1) ),
                    14: ( (0.9998412578181408, 0.0009548021047939409, -0.017791782304724446, 0), (-0.0002556729107874141, 0.9992291543973405, 0.03925597577106563, 0), (0.017815549275863325, -0.039245195315050774, 0.9990707786982276, 0), (0, 10.896807775226774, -0.8142430156252903, 1) ),
                    15: ( (0.9999105940999472, 0.012777931415912738, -0.003940593282873288, 0), (-0.01259918149263165, 0.9990185326693085, 0.04246447937956609, 0), (0.004479333924427142, -0.04241103455460732, 0.9990902059952351, 0), (0, 10.848636521156234, -0.7581318343661998, 1) ),
                    16: ( (0.9996667185873029, 0.023728477688585776, 0.010169124617017185, 0), (-0.024213137686980718, 0.9984288628975287, 0.050532461809207514, 0), (-0.008954089135442642, -0.05076184669345658, 0.9986706460130009, 0), (0, 10.72581662794359, -0.6798520202497027, 1) ),
                    17: ( (0.999179238144371, 0.03291524327365775, 0.023610099988566956, 0), (-0.034298946136269055, 0.9975594955845994, 0.060816404554535686, 0), (-0.02155069268435508, -0.06157629031726062, 0.9978696949580085, 0), (0, 10.56541822925014, -0.591094491867837, 1) ),
                    18: ( (0.9985918331573671, 0.039457527707865044, 0.035460601497890584, 0), (-0.04188985139720503, 0.9966182409353475, 0.07069174057026617, 0), (-0.032551360975068576, -0.07207763413234924, 0.9968677061458828, 0), (0, 10.404317285299424, -0.5035388470952192, 1) ),
                    19: ( (0.998088521221537, 0.04257427822886764, 0.044796591824562776, 0), (-0.045968554406004315, 0.9959172783861242, 0.07768955282274094, 0), (-0.04130612317354098, -0.07960028545970298, 0.9959706816684446, 0), (0, 10.278241735588672, -0.4289230648750697, 1) ),
                    20: ( (0.9980616055902105, 0.036089192786651236, 0.05070110068528082, 0), (-0.03962802381120369, 0.9967157838661551, 0.07062057717758091, 0), (-0.04798594768794023, -0.07249287107077433, 0.9962138989536364, 0), (0, 10.297875315254815, -0.3789236453263279, 1) ),
                    21: ( (0.99820731244413, 0.02908198077229437, 0.052310608650893715, 0), (-0.032256582457410456, 0.9976222820550671, 0.060903983740052375, 0), (-0.05041502029390979, -0.062482163387643556, 0.9967719423153746, 0), (0, 10.371407613122651, -0.3642996841173518, 1) ),
                    22: ( (0.9985117345050711, 0.025661803796064385, 0.04812263377670419, 0), (-0.028217968766651322, 0.9981844011015566, 0.05321322801908657, 0), (-0.04666971495904798, -0.05449195558483202, 0.9974229616778341, 0), (0, 10.500002635169398, -0.33862697234797134, 1) ),
                    23: ( (0.9991254342883701, 0.01750090823258342, 0.03797479123195753, 0), (-0.019093217126511353, 0.9989359419877305, 0.041981339483694924, 0), (-0.037199672281297835, -0.04266968497797989, 0.9983964555055492, 0), (0, 10.693342787228968, -0.31477328236368324, 1) ),
                    24: ( (0.9997020004424629, 0.006199212299442834, 0.023611016034981974, 0), (-0.007142641906150981, 0.9991707537456171, 0.04008475428408765, 0), (-0.023342942786594732, -0.04024145407762528, 0.9989172800566521, 0), (0, 10.744034823119064, -0.3536029987488003, 1) ),
                }
                uniform token[] xformOpOrder = ["xformOp:transform"]

                def Xform "RThigh"
                {
                    token visibility = "inherited"
                    matrix4d xformOp:transform = ( (-0.0903302067914637, -0.9765089896901641, -0.1956288495986888, 0), (0.0033660928161643316, 0.19613140677420943, -0.980571843719736, 0), (0.9959061819067921, -0.08923376228235924, -0.014429570637099067, 0), (-0.9957332961985657, -0.6742693918118974, 0.02906331242780491, 1) )
                    matrix4d xformOp:transform.timeSamples = {
                        2: ( (-0.08219764918840322, -0.9923303546043036, -0.0923255858296999, 0), (-0.00798196366804485, 0.09329159624279722, -0.9956068332059965, 0), (0.9965840831178784, -0.08109960173371995, -0.015589094737341214, 0), (-0.9957332961985657, -0.6742693918118974, 0.02906331242780491, 1) ),
                        3: ( (-0.05750517056950364, -0.995754706078219, 0.07187294818533643, 0), (-0.02396143733363796, -0.07059473221086204, -0.9972172447892098, 0), (0.9980576160115598, -0.05906732690038072, -0.019800151872274276, 0), (-0.9957332961985657, -0.6742693918118974, 0.02906331242780491, 1) ),
                        4: ( (-0.026380159474935088, -0.9577397209621568, 0.2864240110001381, 0), (-0.03407165099736395, -0.28549582160910586, -0.9577741166068624, 0), (0.9990711735328924, -0.035025172877115936, -0.025100348215459502, 0), (-0.9957332961985657, -0.6742693918118974, 0.02906331242780491, 1) ),
                        5: ( (0.00017564284098406187, -0.8498165707512844, 0.5270785190330942, 0), (-0.03463766681537825, -0.5267674164576382, -0.8493034328178192, 0), (0.999399920545914, -0.01810759606001368, -0.02952818615743475, 0), (-0.9957332961985657, -0.6742693918118974, 0.02906331242780491, 1) ),
                        6: ( (0.013466301781992348, -0.7057907353394198, 0.7082923807477794, 0), (-0.03035075330589801, -0.7083187363836412, -0.7052399587811558, 0), (0.9994485932203221, -0.012000233202856148, -0.030959714355856673, 0), (-0.9957332961985657, -0.6742693918118974, 0.02906331242780491, 1) ),
                        7: ( (0.014707804075208102, -0.6151480827357915, 0.78827439182417, 0), (-0.029331381693773213, -0.7882858265596393, -0.6146097344601046, 0), (0.9994615302988001, -0.014081617508866776, -0.02963709670521893, 0), (-0.9957332961985657, -0.6742693918118974, 0.02906331242780491, 1) ),
                        8: ( (0.009122603303516573, -0.6247726548830895, 0.7807534231876941, 0), (-0.032693367607971306, -0.7805548459223008, -0.6242317488094171, 0), (0.9994237949055529, -0.01983084006160856, -0.027546614293487683, 0), (-0.9957332961985657, -0.6742693918118974, 0.02906331242780491, 1) ),
                        9: ( (0.006074138457089917, -0.6670981293956293, 0.7449450923382585, 0), (-0.03414625386345181, -0.7446627611806736, -0.6665668799586938, 0), (0.999398388126125, -0.021388264717535188, -0.027302086793427275, 0), (-0.9957332961985657, -0.6742693918118974, 0.02906331242780491, 1) ),
                        10: ( (0.00975501992665436, -0.6939207522395513, 0.719985297903732, 0), (-0.03177937508946501, -0.719870988493758, -0.6933800049352035, 0), (0.9994473027154325, -0.016116747076096297, -0.0290747237051614, 0), (-0.9957332961985657, -0.6742693918118974, 0.02906331242780491, 1) ),
                        11: ( (0.010646947014497216, -0.7568609941044658, 0.6534891568514892, 0), (-0.031004139029115287, -0.6534618523017777, -0.7563242366534296, 0), (0.9994625485141171, -0.01220832459961378, -0.030423197204381493, 0), (-0.9957332961985657, -0.6742693918118974, 0.02906331242780491, 1) ),
                        12: ( (0.00794819398571714, -0.8294767848959123, 0.5584846367905799, 0), (-0.03203032720969706, -0.5584268755992066, -0.8289351499045917, 0), (0.999455293823193, -0.01129990828496988, -0.031006897967164007, 0), (-0.9957332961985657, -0.6742693918118974, 0.02906331242780491, 1) ),
                        13: ( (0.0010514986594498874, -0.8874314497340838, 0.4609385169124311, 0), (-0.03398031234129761, -0.4607042886032673, -0.8869029805089987, 0), (0.9994219492905673, -0.014730257479751577, -0.03063962778532386, 0), (-0.9957332961985657, -0.6742693918118974, 0.02906331242780491, 1) ),
                        14: ( (-0.009845875452012176, -0.9272685307021132, 0.3742674587859967, 0), (-0.03569540284237337, -0.37372112931358936, -0.9268540099284763, 0), (0.9993142133245699, -0.02248531685611136, -0.02941961205346065, 0), (-0.9957332961985657, -0.6742693918118974, 0.02906331242780491, 1) ),
                        15: ( (-0.024199023470004775, -0.9546193910704716, 0.29684377280876234, 0), (-0.0363165973082688, -0.29589530001360165, -0.954529767052767, 0), (0.9990473021949697, -0.03387904399629116, -0.027508150698477837, 0), (-0.9957332961985657, -0.6742693918118974, 0.02906331242780491, 1) ),
                        16: ( (-0.041495558115432096, -0.9765750087591474, 0.21113827441693264, 0), (-0.03455190555569791, -0.20979131088063896, -0.9771354930107969, 0), (0.9985410780128972, -0.0478420123537278, -0.025037119937940683, 0), (-0.9957332961985657, -0.6742693918118974, 0.02906331242780491, 1) ),
                        17: ( (-0.06063142428525698, -0.993111933350275, 0.10026224726396227, 0), (-0.028302483444851013, -0.09869617244773263, -0.9947150521506254, 0), (0.9977588886198886, -0.06314866096320795, -0.022123444545520777, 0), (-0.9957332961985657, -0.6742693918118974, 0.02906331242780491, 1) ),
                        18: ( (-0.07773778718717009, -0.9967727962804751, 0.020020715233096717, 0), (-0.020860155477576157, -0.018450872282679606, -0.9996121343928651, 0), (0.9967555820544441, -0.0781252706056801, -0.019358505523300453, 0), (-0.9957332961985657, -0.6742693918118974, 0.02906331242780491, 1) ),
                        19: ( (-0.09214342583482128, -0.9900417329370373, -0.10642817351834422, 0), (-0.006573351211043783, 0.10748534599834092, -0.994184938253177, 0), (0.9957240481826675, -0.090908016360742, -0.01641196003151379, 0), (-0.9957332961985657, -0.6742693918118974, 0.02906331242780491, 1) ),
                        20: ( (-0.09296102033354264, -0.96130144691219, -0.2593410435374173, 0), (0.009824624728020601, 0.2595706421755582, -0.9656741471477436, 0), (0.9956212761123078, -0.0923179824579062, -0.014685525778857296, 0), (-0.9957332961985657, -0.6742693918118974, 0.02906331242780491, 1) ),
                        21: ( (-0.08994505964905047, -0.9748445517400044, -0.20393132713626555, 0), (0.003928087230830704, 0.2044124540870593, -0.9788769681348177, 0), (0.9959389822551559, -0.08884620733005819, -0.01455661594013455, 0), (-0.9957332961985657, -0.6742693918118974, 0.02906331242780491, 1) ),
                        22: ( (-0.08420525392284603, -0.9906104999999658, -0.10770474688520904, 0), (-0.006162925177865378, 0.10860431287466404, -0.9940659543401907, 0), (0.9964293720906873, -0.08304179980491755, -0.0152501121346349, 0), (-0.9957332961985657, -0.6742693918118974, 0.02906331242780491, 1) ),
                        23: ( (-0.06102720369953254, -0.996923060274036, 0.04919443365327603, 0), (-0.022194004998528576, -0.04791879459735383, -0.9986046341102477, 0), (0.9978893258025867, -0.062033869927543846, -0.01920136534394159, 0), (-0.9957332961985657, -0.6742693918118974, 0.02906331242780491, 1) ),
                        24: ( (-0.030085294538152816, -0.9655859334367066, 0.25833830571890926, 0), (-0.03335509037264845, -0.2573415141450924, -0.9657446779784726, 0), (0.998990647102757, -0.03767161061960699, -0.024465010822390137, 0), (-0.9957332961985657, -0.6742693918118974, 0.02906331242780491, 1) ),
                    }
                    uniform token[] xformOpOrder = ["xformOp:transform"]

                    def Xform "RShin"
                    {
                        token visibility = "inherited"
                        matrix4d xformOp:transform = ( (0.6143774759143658, 0.7890122414063631, 9.407007817826546e-17, 0), (-0.7890122414063631, 0.6143774759143658, 8.728800550977743e-17, 0), (1.107676768493068e-17, -1.2785022773540135e-16, 1, 0), (5.454091548919658, -8.881784197001252e-16, -4.263256414560601e-14, 1) )
                        matrix4d xformOp:transform.timeSamples = {
                            2: ( (0.43701156749828857, 0.899455885451137, -1.4128243070345555e-16, 0), (-0.899455885451137, 0.43701156749828857, -4.252536721436355e-17, 0), (2.3492364679755333e-17, 1.4566139119185484e-16, 1, 0), (5.454091548919658, -8.881784197001252e-16, -4.263256414560601e-14, 1) ),
                            3: ( (0.2744517877821102, 0.961600861159766, -1.3464920556434988e-16, 0), (-0.961600861159766, 0.2744517877821102, 1.8643694424910046e-17, 0), (5.4882507804769714e-17, 1.2436199675937727e-16, 1, 0), (5.454091548919658, -8.881784197001252e-16, -4.263256414560601e-14, 1) ),
                            4: ( (0.1374002041201614, 0.9905156151761253, 6.358999227421237e-17, 0), (-0.9905156151761253, 0.1374002041201614, -5.393051364454974e-17, 0), (-6.215629381787188e-17, -5.557681673347023e-17, 1, 0), (5.454091548919658, -8.881784197001252e-16, -4.263256414560601e-14, 1) ),
                            5: ( (0.07140598688109469, 0.9974473344681096, -8.137256147967757e-17, 0), (-0.9974473344681096, 0.07140598688109469, -6.5011640572602834e-18, 0), (-6.740807023552233e-19, 8.162906658213134e-17, 1, 0), (5.454091548919658, -8.881784197001252e-16, -4.263256414560601e-14, 1) ),
                            6: ( (0.1482436054080473, 0.988950875147812, 1.1617022214453228e-16, 0), (-0.988950875147812, 0.1482436054080473, 4.870642008730232e-17, 0), (3.094676419889536e-17, -1.2210705817621156e-16, 1, 0), (5.454091548919658, -8.881784197001252e-16, -4.263256414560601e-14, 1) ),
                            7: ( (0.3712140449257676, 0.9285473239689241, 5.258446902147092e-18, 0), (-0.9285473239689241, 0.3712140449257676, -6.19755341694173e-17, 0), (-5.949922574913045e-17, 1.812347192624316e-17, 1, 0), (5.454091548919658, -8.881784197001252e-16, -4.263256414560601e-14, 1) ),
                            8: ( (0.6603701197744115, 0.7509402805211141, -1.0276083294110833e-16, 0), (-0.7509402805211141, 0.6603701197744115, 4.509478943690548e-17, 0), (1.0172367738722837e-16, 4.738799721372809e-17, 1, 0), (5.454091548919658, -8.881784197001252e-16, -4.263256414560601e-14, 1) ),
                            9: ( (0.7562523527549381, 0.6542800462742393, -4.5199878245951553e-17, 0), (-0.6542800462742393, 0.7562523527549381, -1.1949175499609543e-16, 0), (-4.3998556720497784e-17, 1.1993929928096496e-16, 1, 0), (5.454091548919658, -8.881784197001252e-16, -4.263256414560601e-14, 1) ),
                            10: ( (0.6466341721262339, 0.7628002670677431, -4.510992686810668e-17, 0), (-0.7628002670677431, 0.6466341721262339, -9.986755398408818e-17, 0), (-4.700937663543159e-17, 9.898763735517097e-17, 1, 0), (5.454091548919658, -8.881784197001252e-16, -4.263256414560601e-14, 1) ),
                            11: ( (0.6007395556977722, 0.7994447987322473, 5.646683779621003e-17, 0), (-0.7994447987322473, 0.6007395556977722, 5.499870879394032e-17, 0), (1.0046568632951715e-17, -7.818201966186044e-17, 1, 0), (5.454091548919658, -8.881784197001252e-16, -4.263256414560601e-14, 1) ),
                            12: ( (0.595950590396397, 0.8030211042097125, -5.026973439510945e-17, 0), (-0.8030211042097125, 0.595950590396397, 2.3541382215916678e-17, 0), (4.8862504633483846e-17, 2.633815699196697e-17, 1, 0), (5.454091548919658, -8.881784197001252e-16, -4.263256414560601e-14, 1) ),
                            13: ( (0.5933613340865993, 0.8049362255551499, 3.156508619449797e-17, 0), (-0.8049362255551499, 0.5933613340865993, -3.131748688261974e-17, 0), (-4.393808134009466e-17, -6.8252955438113395e-18, 1, 0), (5.454091548919658, -8.881784197001252e-16, -4.263256414560601e-14, 1) ),
                            14: ( (0.5765761060868735, 0.8170434467576975, 5.0166385018921736e-17, 0), (-0.8170434467576975, 0.5765761060868735, -2.3527541289221633e-17, 0), (-4.814776235934444e-17, -2.7422697984895988e-17, 1, 0), (5.454091548919658, -8.881784197001252e-16, -4.263256414560601e-14, 1) ),
                            15: ( (0.5488124278122746, 0.8359455239899289, -3.245441338500409e-17, 0), (-0.8359455239899289, 0.5488124278122746, -6.717043377718024e-17, 0), (-3.8339438057448485e-17, 6.39940904413709e-17, 1, 0), (5.454091548919658, -8.881784197001252e-16, -4.263256414560601e-14, 1) ),
                            16: ( (0.5362296254621401, 0.8440721466656348, -4.7456629568745855e-17, 0), (-0.8440721466656348, 0.5362296254621401, 2.89979744209742e-17, 0), (4.992403321781098e-17, 2.4507246230687436e-17, 1, 0), (5.454091548919658, -8.881784197001252e-16, -4.263256414560601e-14, 1) ),
                            17: ( (0.5657400172512105, 0.824583672455743, 2.539727869677168e-17, 0), (-0.824583672455743, 0.5657400172512105, -1.2690013208217065e-17, 0), (-2.4832234582788923e-17, -1.3762933046831185e-17, 1, 0), (5.454091548919658, -8.881784197001252e-16, -4.263256414560601e-14, 1) ),
                            18: ( (0.5792035742279805, 0.8151829362796624, 1.223775985031301e-16, 0), (-0.8151829362796624, 0.5792035742279805, 5.861807608704643e-17, 0), (-2.3097087074746536e-17, -1.337119292666202e-16, 1, 0), (5.454091548919658, -8.881784197001252e-16, -4.263256414560601e-14, 1) ),
                            19: ( (0.6473520567341797, 0.762191127370312, -2.6300970890711616e-17, 0), (-0.762191127370312, 0.6473520567341797, -7.308480061101534e-17, 0), (-3.8678598971136293e-17, 6.735796264567347e-17, 1, 0), (5.454091548919658, -8.881784197001252e-16, -4.263256414560601e-14, 1) ),
                            20: ( (0.7658934425196045, 0.6429675222789012, -1.8767154051111195e-16, 0), (-0.6429675222789012, 0.7658934425196045, -4.9410178636395725e-17, 0), (1.1196726209181166e-16, 1.5850963721603182e-16, 1, 0), (5.454091548919658, -8.881784197001252e-16, -4.263256414560601e-14, 1) ),
                            21: ( (0.6362884902050381, 0.771451202107167, 1.4703988554627682e-16, 0), (-0.771451202107167, 0.6362884902050381, 5.598070750508519e-17, 0), (-5.0373402674554405e-17, -1.49053976321396e-16, 1, 0), (5.454091548919658, -8.881784197001252e-16, -4.263256414560601e-14, 1) ),
                            22: ( (0.4566315977264028, 0.8896558795162501, -1.2362486490757317e-16, 0), (-0.8896558795162501, 0.4566315977264028, -3.35387464188906e-17, 0), (2.6613076638285242e-17, 1.252984392824233e-16, 1, 0), (5.454091548919658, -8.881784197001252e-16, -4.263256414560601e-14, 1) ),
                            23: ( (0.2932907998174831, 0.9560232773015629, -3.8184328183450324e-17, 0), (-0.9560232773015629, 0.2932907998174831, 5.087674478143698e-18, 0), (1.6063047381855864e-17, 3.501293845459485e-17, 1, 0), (5.454091548919658, -8.881784197001252e-16, -4.263256414560601e-14, 1) ),
                            24: ( (0.15139756936177154, 0.988472951572954, 7.709236292567819e-17, 0), (-0.988472951572954, 0.15139756936177154, -7.383178522655372e-18, 0), (-1.8969668629582424e-17, -7.508592024238443e-17, 1, 0), (5.454091548919658, -8.881784197001252e-16, -4.263256414560601e-14, 1) ),
                        }
                        uniform token[] xformOpOrder = ["xformOp:transform"]

                        def Xform "RFoot"
                        {
                            token visibility = "inherited"
                            matrix4d xformOp:transform = ( (-0.2843540668055077, -0.9568667287836244, 0.05957204074139627, 0), (0.958543397715873, -0.28256214061001367, 0.03678574981153136, 0), (-0.018366256735616968, 0.06756256390052529, 0.9975459791772551, 0), (4.547469615931791, 2.623457007189245e-13, -4.760636329592671e-13, 1) )
                            matrix4d xformOp:transform.timeSamples = {
                                2: ( (-0.15011074462240095, -0.987020750705092, 0.05706839779129208, 0), (0.9885344134716253, -0.14888696298585455, 0.02514727888179161, 0), (-0.01632414565048213, 0.060188951896553225, 0.9980535117609557, 0), (4.547469615931791, 2.623457007189245e-13, -4.760636329592671e-13, 1) ),
                                3: ( (0.12639709320825596, -0.9910923938078231, 0.041948084161046714, 0), (0.9916656935945061, 0.1273080120718515, 0.0197944994895147, 0), (-0.024958505088056436, 0.03909650877753815, 0.998923688789678, 0), (4.547469615931791, 2.623457007189245e-13, -4.760636329592671e-13, 1) ),
                                4: ( (0.16059087100992905, -0.9867017561981647, 0.025104112486401833, 0), (0.9861727421637247, 0.16145522107409793, 0.03735684945486836, 0), (-0.040913258994510086, 0.018757822458157394, 0.9989866111890972, 0), (4.547469615931791, 2.623457007189245e-13, -4.760636329592671e-13, 1) ),
                                5: ( (-0.07295479502977807, -0.9973328702013721, -0.002178049139959947, 0), (0.9955501251963201, -0.07295464534044477, 0.059645351410157414, 0), (-0.059645168318601595, 0.0021830572926362563, 0.9982172549886636, 0), (4.547469615931791, 2.623457007189245e-13, -4.760636329592671e-13, 1) ),
                                6: ( (-0.22588313995517892, -0.9735189784385064, -0.035179620578339704, 0), (0.9713214101341542, -0.22783146971963433, 0.06802602164164588, 0), (-0.07423964775635306, -0.01880478730106351, 0.9970631146901255, 0), (4.547469615931791, 2.623457007189245e-13, -4.760636329592671e-13, 1) ),
                                7: ( (-0.024759545981623568, -0.9983196152398129, -0.05239189546309336, 0), (0.9964403308238852, -0.02886955082177422, 0.07920363718248782, 0), (-0.08058307508633583, -0.05024435155100353, 0.9954807246485736, 0), (4.547469615931791, 2.623457007189245e-13, -4.760636329592671e-13, 1) ),
                                8: ( (0.4009138874666168, -0.9147674087675519, -0.04968543743496388, 0), (0.9132064101791495, 0.39473363451846194, 0.10118997078543086, 0), (-0.07295277406730992, -0.08594152451838458, 0.9936256574381219, 0), (4.547469615931791, 2.623457007189245e-13, -4.760636329592671e-13, 1) ),
                                9: ( (0.5735646327920375, -0.8179637788532299, -0.04425910634298466, 0), (0.8163363190393802, 0.566269898933132, 0.11372517654194174, 0), (-0.06796047547928469, -0.10135905507849302, 0.9925259269793533, 0), (4.547469615931791, 2.623457007189245e-13, -4.760636329592671e-13, 1) ),
                                10: ( (0.40945351504194105, -0.9108741616954205, -0.05153717663458087, 0), (0.9089980747590745, 0.4024821198154171, 0.10830809440288446, 0), (-0.07791225259286816, -0.09119432430010779, 0.9927805780288773, 0), (4.547469615931791, 2.623457007189245e-13, -4.760636329592671e-13, 1) ),
                                11: ( (0.27779108514483997, -0.9590843344427928, -0.0546749708777003, 0), (0.9573492625231091, 0.27168231906853724, 0.09834178690668843, 0), (-0.07946384436025788, -0.07966151474813044, 0.9936496065049902, 0), (4.547469615931791, 2.623457007189245e-13, -4.760636329592671e-13, 1) ),
                                12: ( (0.17170457432014483, -0.983699801960047, -0.05340635525199326, 0), (0.9821920213638059, 0.16674077047889826, 0.08658145661390003, 0), (-0.07626514490131875, -0.06732172817053655, 0.9948122499192062, 0), (4.547469615931791, 2.623457007189245e-13, -4.760636329592671e-13, 1) ),
                                13: ( (0.12076616308106726, -0.991671067417845, -0.044766370201624654, 0), (0.9901694497086748, 0.11713218909382626, 0.07644940249412206, 0), (-0.07056907763530157, -0.053558793157052795, 0.9960680001672891, 0), (4.547469615931791, 2.623457007189245e-13, -4.760636329592671e-13, 1) ),
                                14: ( (0.10671339668683909, -0.9938076318622324, -0.030961941475604774, 0), (0.9922435293214383, 0.10444533292155772, 0.06740883436643058, 0), (-0.06375758376297852, -0.03791521176634024, 0.9972449083497094, 0), (4.547469615931791, 2.623457007189245e-13, -4.760636329592671e-13, 1) ),
                                15: ( (0.1045161249936695, -0.994413195693709, -0.01479107320423075, 0), (0.9929379974392101, 0.10349860931358339, 0.05798423157691593, 0), (-0.056129429515351756, -0.020746905802540464, 0.9982079207469261, 0), (4.547469615931791, 2.623457007189245e-13, -4.760636329592671e-13, 1) ),
                                16: ( (0.10508400585715763, -0.9944619323309725, 0.0016783496540485152, 0), (0.9933270336840796, 0.10504443957313349, 0.04761375712075173, 0), (-0.047526370210657656, -0.0033362942488176428, 0.9988644118574277, 0), (4.547469615931791, 2.623457007189245e-13, -4.760636329592671e-13, 1) ),
                                17: ( (0.10232455800654104, -0.9945994672812221, 0.017366188778060933, 0), (0.9939958616152373, 0.1029114312347546, 0.037168056352144034, 0), (-0.03875450838996409, 0.013458714839226197, 0.9991581211571713, 0), (4.547469615931791, 2.623457007189245e-13, -4.760636329592671e-13, 1) ),
                                18: ( (0.09906118864381906, -0.9945556456073138, 0.032341130083731524, 0), (0.9945986277564709, 0.09997304697017385, 0.027909846729142696, 0), (-0.030991136949433087, 0.02940166100951722, 0.9990871292136951, 0), (4.547469615931791, 2.623457007189245e-13, -4.760636329592671e-13, 1) ),
                                19: ( (0.018496634306013275, -0.9987855068940165, 0.045666023888798334, 0), (0.9994957289378986, 0.019650222733023047, 0.02494306680104181, 0), (-0.025810121159116295, 0.045181633049340655, 0.9986453112495679, 0), (4.547469615931791, 2.623457007189245e-13, -4.760636329592671e-13, 1) ),
                                20: ( (-0.1204000730693054, -0.9912029929328842, 0.054958613572386385, 0), (0.9923744230027229, -0.11870080852927928, 0.03321328987782046, 0), (-0.02639748046535262, 0.05853840496108816, 0.9979360842106537, 0), (4.547469615931791, 2.623457007189245e-13, -4.760636329592671e-13, 1) ),
                                21: ( (-0.2735296758437856, -0.9600521197136894, 0.05900376145675201, 0), (0.9616671231439431, -0.27171908334591843, 0.036947043314803994, 0), (-0.019438639274541186, 0.06684809031607082, 0.9975737928214877, 0), (4.547469615931791, 2.623457007189245e-13, -4.760636329592671e-13, 1) ),
                                22: ( (-0.18179964704872056, -0.9816118302070167, 0.0581988241340966, 0), (0.9832072715117537, -0.1805011551803814, 0.026884832619166268, 0), (-0.01588551476576481, 0.06210916016320587, 0.9979429355651794, 0), (4.547469615931791, 2.623457007189245e-13, -4.760636329592671e-13, 1) ),
                                23: ( (0.0990836334462264, -0.9941084877974452, 0.04394027847169968, 0), (0.9948021029788425, 0.10000128130860078, 0.01919686551264168, 0), (-0.023477851093449846, 0.04180978624335171, 0.9988497045513499, 0), (4.547469615931791, 2.623457007189245e-13, -4.760636329592671e-13, 1) ),
                                24: ( (0.1761669953543683, -0.983978425031746, 0.027416214542832128, 0), (0.9835983519802726, 0.1770579862209455, 0.03442021930603351, 0), (-0.03872301291875341, 0.020902836827284915, 0.9990313306814086, 0), (4.547469615931791, 2.623457007189245e-13, -4.760636329592671e-13, 1) ),
                            }
                            uniform token[] xformOpOrder = ["xformOp:transform"]

                            def Xform "RToe"
                            {
                                token visibility = "inherited"
                                matrix4d xformOp:transform = ( (0.9273733327263731, -0.37404356746253187, 0.008373254318479937, 0), (0.373508632684495, 0.9242863990259622, -0.07865083525162828, 0), (0.021679553919270494, 0.07606616998063041, 0.9968670597057259, 0), (1.6543456315994254, -6.661338147750939e-16, -2.1316282072803006e-14, 1) )
                                matrix4d xformOp:transform.timeSamples = {
                                    2: ( (0.9273733327262765, -0.3740435674619575, 0.008373254354843734, 0), (0.3735086326994105, 0.9242863990697148, -0.07865083466662494, 0), (0.02167955366643166, 0.0760661694518134, 0.9968670597515761, 0), (1.6543456315994254, -6.661338147750939e-16, -2.1316282072803006e-14, 1) ),
                                    3: ( (0.9273733327259753, -0.37404356745788747, 0.008373254570000157, 0), (0.3735086327260413, 0.9242863991150008, -0.07865083400796521, 0), (0.02167955322049878, 0.07606616892155203, 0.9968670598017357, 0), (1.6543456315994254, -6.661338147750939e-16, -2.1316282072803006e-14, 1) ),
                                    4: ( (0.9273733327263243, -0.3740435674580751, 0.008373254522989376, 0), (0.3735086327204315, 0.9242863991085752, -0.07865083411011947, 0), (0.021679553302228906, 0.07606616899870869, 0.996867059794071, 0), (1.6543456315994254, -6.661338147750939e-16, -2.1316282072803006e-14, 1) ),
                                    5: ( (0.9273733327272924, -0.3740435674602607, 0.008373254318125571, 0), (0.373508632684318, 0.9242863990343035, -0.07865083515444338, 0), (0.021679553882998165, 0.07606616989044218, 0.9968670597133966, 0), (1.6543456315994254, -6.661338147750939e-16, -2.1316282072803006e-14, 1) ),
                                    6: ( (0.9273733327275903, -0.3740435674533249, 0.008373254594970425, 0), (0.3735086326745355, 0.924286398944647, -0.07865083625452249, 0), (0.021679554038796962, 0.07606617101397169, 0.9968670596242771, 0), (1.6543456315994254, -6.661338147750939e-16, -2.1316282072803006e-14, 1) ),
                                    7: ( (0.9273733327276693, -0.3740435674490556, 0.008373254776925068, 0), (0.37350863267761686, 0.9242863989179633, -0.0786508365534712, 0), (0.021679553982326245, 0.07606617135920239, 0.9968670595991623, 0), (1.6543456315994254, -6.661338147750939e-16, -2.1316282072803006e-14, 1) ),
                                    8: ( (0.9273733327280492, -0.3740435674515684, 0.008373254622611967, 0), (0.3735086326738347, 0.9242863989408128, -0.07865083630291109, 0), (0.02167955403124166, 0.07606617106920056, 0.9968670596202273, 0), (1.6543456315994254, -6.661338147750939e-16, -2.1316282072803006e-14, 1) ),
                                    9: ( (0.9273733327281699, -0.37404356745413553, 0.008373254494553162, 0), (0.3735086326726047, 0.9242863989645924, -0.07865083602929804, 0), (0.021679554047264266, 0.07606617076762726, 0.9968670596428904, 0), (1.6543456315994254, -6.661338147750939e-16, -2.1316282072803006e-14, 1) ),
                                    10: ( (0.9273733327279182, -0.3740435674546927, 0.008373254497547175, 0), (0.37350863267320844, 0.9242863989636473, -0.07865083603753885, 0), (0.021679554047631094, 0.0760661707763731, 0.9968670596422151, 0), (1.6543456315994254, -6.661338147750939e-16, -2.1316282072803006e-14, 1) ),
                                    11: ( (0.9273733327276347, -0.3740435674554018, 0.008373254497274446, 0), (0.37350863267387924, 0.9242863989633163, -0.07865083603824197, 0), (0.021679554048204718, 0.0760661707769066, 0.9968670596421618, 0), (1.6543456315994254, -6.661338147750939e-16, -2.1316282072803006e-14, 1) ),
                                    12: ( (0.9253352146923471, -0.3790564090262969, 0.008424916994053388, 0), (0.3785114913971047, 0.9222596989796124, -0.07852450902982068, 0), (0.02199525700253295, 0.07585042131803622, 0.9968765832615735, 0), (1.6543456315994254, -6.661338147750939e-16, -2.1316282072803006e-14, 1) ),
                                    13: ( (0.9026100552631012, -0.43036654216334663, 0.008929027063778018, 0), (0.4297190886706583, 0.8996485376402574, -0.07729174311532458, 0), (0.025230794081841718, 0.07360127789726688, 0.9969685345696168, 0), (1.6543456315994254, -6.661338147750939e-16, -2.1316282072803006e-14, 1) ),
                                    14: ( (0.855938057756783, -0.5169873683087115, 0.009700633627696374, 0), (0.5161657917909253, 0.8531629610311339, -0.07540449130811104, 0), (0.03070694821035381, 0.06954870907371637, 0.9971058421239875, 0), (1.6543456315994254, -6.661338147750939e-16, -2.1316282072803006e-14, 1) ),
                                    15: ( (0.7894850830214688, -0.6136801805949798, 0.010485210131301654, 0), (0.612662816247264, 0.786920716991338, -0.07348509207866377, 0), (0.03684531550354436, 0.06443928238855176, 0.9972411953036701, 0), (1.6543456315994254, -6.661338147750939e-16, -2.1316282072803006e-14, 1) ),
                                    16: ( (0.7151690127057772, -0.6988626802314014, 0.011146185231991589, 0), (0.6976715781372086, 0.7128038979169389, -0.07186774084354543, 0), (0.0422806377078281, 0.05917395790548627, 0.9973518889443279, 0), (1.6543456315994254, -6.661338147750939e-16, -2.1316282072803006e-14, 1) ),
                                    17: ( (0.6528977189833998, -0.7573572052058613, 0.011603114626705064, 0), (0.756046004187628, 0.6506834472479782, -0.07074949490567838, 0), (0.046032685107372996, 0.05496467229279646, 0.9974266272270612, 0), (1.6543456315994254, -6.661338147750939e-16, -2.1316282072803006e-14, 1) ),
                                    18: ( (0.6259198798711024, -0.7797983514279464, 0.011782830407074408, 0), (0.7784408665709738, 0.623767883439751, -0.07030963547995822, 0), (0.04747758665282092, 0.05318043530613827, 0.997455623106248, 0), (1.6543456315994254, -6.661338147750939e-16, -2.1316282072803006e-14, 1) ),
                                    19: ( (0.7411762208850826, -0.6712214983016237, 0.010932054346299258, 0), (0.6700868248699418, 0.7387442616420523, -0.07239173313755433, 0), (0.04051489516495289, 0.060980456776431255, 0.9973163626257772, 0), (1.6543456315994254, -6.661338147750939e-16, -2.1316282072803006e-14, 1) ),
                                    20: ( (0.8939456829930434, -0.4480830575715003, 0.009093369863626865, 0), (0.4474000004380258, 0.8910225564074667, -0.07688981454755316, 0), (0.026350625536325813, 0.07280369146189064, 0.9969981279036416, 0), (1.6543456315994254, -6.661338147750939e-16, -2.1316282072803006e-14, 1) ),
                                    21: ( (0.9273733327263545, -0.37404356746254197, 0.00837325432009013, 0), (0.37350863268418977, 0.9242863990243727, -0.0786508352717566, 0), (0.02167955392532519, 0.0760661699998943, 0.9968670597041243, 0), (1.6543456315994254, -6.661338147750939e-16, -2.1316282072803006e-14, 1) ),
                                    22: ( (0.9273733327263097, -0.3740435674622009, 0.00837325434029236, 0), (0.37350863269654005, 0.924286399063024, -0.07865083475888486, 0), (0.021679553714465706, 0.0760661695319163, 0.9968670597444191, 0), (1.6543456315994254, -6.661338147750939e-16, -2.1316282072803006e-14, 1) ),
                                    23: ( (0.9273733327259992, -0.3740435674583993, 0.008373254544508067, 0), (0.37350863272345697, 0.9242863991115231, -0.07865083406110766, 0), (0.021679553264007733, 0.07606616896129362, 0.9968670597977571, 0), (1.6543456315994254, -6.661338147750939e-16, -2.1316282072803006e-14, 1) ),
                                    24: ( (0.9273733327262268, -0.37404356745763456, 0.008373254553469323, 0), (0.3735086327238321, 0.924286399113155, -0.07865083404014978, 0), (0.021679553247811997, 0.07606616894522598, 0.9968670597993353, 0), (1.6543456315994254, -6.661338147750939e-16, -2.1316282072803006e-14, 1) ),
                                }
                                uniform token[] xformOpOrder = ["xformOp:transform"]

                                def Mesh "Foot_R_3"
                                {
                                    float3[] extent = [(-0.8635474, -0.6318643, -0.64690524), (0.854573, 0.3742461, 0.7149217)]
                                    int[] faceVertexCounts = [3, 4, 4, 3, 4, 4, 4, 3, 4, 3, 4, 4]
                                    int[] faceVertexIndices = [6, 12, 4, 5, 14, 12, 11, 0, 10, 13, 9, 11, 12, 6, 8, 3, 15, 6, 9, 13, 5, 11, 7, 8, 4, 2, 6, 4, 8, 6, 15, 0, 9, 9, 11, 6, 12, 14, 2, 4, 8, 7, 1, 3]
